2458699.4393982 11.4300239
2458699.4426505 11.4204101
2458699.4459144 11.4292171
2458699.4491782 11.4266691
2458699.4535069 11.4308773
2458699.4567130 11.4319953
2458699.4599769 11.4334144
2458699.4632523 11.4336111
2458699.4665162 11.4292764
2458699.4698380 11.4403603
2458699.4731019 11.4360879
2458699.4763773 11.4273260
2458699.4796528 11.4349704
2458699.4829282 11.4364918
2458699.4862037 11.4315064
2458699.4894560 11.4325976
2458699.4927315 11.4323091
2458699.4959954 11.4522319
2458699.4992708 11.4526113
2458699.5025347 11.4399459
2458699.5057986 11.4462881
2458699.5090741 11.4466959
2458699.5123380 11.4480300
2458699.5156019 11.4489213
2458699.5188542 11.4493807
2458699.5221412 11.4488699
2458699.5253819 11.4470050
2458699.5286458 11.4538325
2458699.5319213 11.4561433
2458699.5351389 11.4462606
2458699.5384028 11.4517691
2458699.5416204 11.4504312
2458699.5448843 11.4505287
2458699.5481597 11.4510785
2458699.5514236 11.4558433
2458699.5546875 11.4431032
2458699.5579514 11.4483889
2458699.5644907 11.4460634
2458699.5677546 11.4478298
2458699.5710185 11.4442999
2458699.5742824 11.4365652
2458699.5775347 11.4334920
2458699.5807986 11.4308464
2458699.5840741 11.4314238
2458699.5873380 11.4345025
2458699.5906134 11.4388128
2458699.5938889 11.4283423
2458699.5971528 11.4267235
2458699.6004167 11.4334041
2458699.6036806 11.4261094
2458699.6069444 11.4234955
2458699.6102199 11.4214631
2458699.6134838 11.4234275
