FOTOMETRÍA RELATIVA

HAT 23 B 
FECHA J HELIO         MAG      +/-    RSR  AIRMS  TRANS  FWHM"   FONDO
-----------------------------------------  -----  -----  -----  ------
2458077.25848      -0.012    0.009    124  1.208   1.10   7.31    0.43
2458077.26100      -0.012    0.009    124  1.216   1.10   7.19    0.42
2458077.26224      -0.008    0.009    123  1.220   1.10   6.87    0.42
2458077.26351      -0.014    0.009    123  1.225   1.09   7.00    0.41
2458077.26478      -0.010    0.009    123  1.230   1.09   7.05    0.40
2458077.26605      -0.006    0.009    123  1.234   1.09   7.04    0.39
2458077.26730      -0.002    0.009    119  1.239   1.02   7.50    0.33
2458077.26850      -0.009    0.009    123  1.244   1.09   7.21    0.40
2458077.26975      -0.012    0.009    123  1.248   1.09   6.87    0.38
2458077.27101      -0.005    0.009    123  1.254   1.09   6.83    0.39
2458077.27226      -0.005    0.009    123  1.259   1.09   6.81    0.39
2458077.27351      -0.010    0.009    123  1.264   1.09   7.06    0.40
2458077.27477       0.012    0.009    117  1.269   1.01   7.05    0.32
2458077.27602      -0.011    0.009    123  1.275   1.09   6.55    0.39
2458077.27727      -0.005    0.009    123  1.280   1.09   7.02    0.37
2458077.27853      -0.010    0.009    123  1.286   1.09   7.06    0.37
2458077.27980      -0.010    0.009    123  1.292   1.09   6.90    0.35
2458077.28105      -0.008    0.009    123  1.298   1.09   6.94    0.35
2458077.28230      -0.011    0.009    123  1.304   1.08   6.91    0.35
2458077.28355      -0.011    0.009    122  1.310   1.07   6.65    0.34
2458077.28480      -0.012    0.009    122  1.316   1.07   6.62    0.34
2458077.28605       0.000    0.009    116  1.322   0.98   7.72    0.23
2458077.28731      -0.006    0.009    121  1.329   1.07   6.76    0.31
2458077.28856      -0.003    0.009    121  1.335   1.07   6.83    0.31
2458077.28982      -0.006    0.009    121  1.342   1.06   6.84    0.29
2458077.29108       0.002    0.009    121  1.349   1.07   6.88    0.28
2458077.29233       0.004    0.009    121  1.356   1.07   6.65    0.28
2458077.29358       0.001    0.009    121  1.363   1.07   6.66    0.28
2458077.29483       0.003    0.009    121  1.370   1.07   6.66    0.26
2458077.29609       0.012    0.009    120  1.378   1.06   6.70    0.24
2458077.29734       0.024    0.010    112  1.385   0.92   7.13    0.08
2458077.29859       0.003    0.009    121  1.393   1.06   6.60    0.24
2458077.29987       0.007    0.009    120  1.401   1.06   6.65    0.23
2458077.30112       0.029    0.010    109  1.409   0.88   8.17    0.01
2458077.30239       0.005    0.009    120  1.417   1.05   7.10    0.19
2458077.30365       0.025    0.010    111  1.426   0.91   7.20    0.02
2458077.30492       0.004    0.009    120  1.434   1.05   6.64    0.18
2458077.30617       0.004    0.009    119  1.443   1.04   6.65    0.16
2458077.30744       0.004    0.009    119  1.452   1.04   6.63    0.16
2458077.30869       0.006    0.009    119  1.461   1.04   6.61    0.15
2458077.30995       0.004    0.009    120  1.470   1.05   6.56    0.15
2458077.31120       0.004    0.009    119  1.480   1.04   6.61    0.15
2458077.31245       0.005    0.009    119  1.489   1.04   6.63    0.15
2458077.31371       0.002    0.009    119  1.499   1.04   6.37    0.14
2458077.31496       0.006    0.009    119  1.509   1.04   6.49    0.13
2458077.31621       0.013    0.009    119  1.519   1.04   6.45    0.13
2458077.31747       0.005    0.009    119  1.530   1.03   6.51    0.13
2458077.31872       0.005    0.009    119  1.540   1.03   6.59    0.12
2458077.31998       0.013    0.009    118  1.551   1.03   6.69    0.10
2458077.32123       0.011    0.009    118  1.562   1.02   6.50    0.07
2458077.32249       0.009    0.009    117  1.573   1.01   6.39    0.05
2458077.32374       0.008    0.009    118  1.585   1.01   6.76    0.06
2458077.32501       0.003    0.009    117  1.597   1.00   7.97    0.02
2458077.32624       0.011    0.009    117  1.608   1.01   6.42    0.03
2458077.32751       0.006    0.009    118  1.621   1.01   6.33    0.04
2458077.32876       0.002    0.009    118  1.633   1.02   6.59    0.04
2458077.33002       0.002    0.009    117  1.646   1.00   6.70    0.00
2458077.33127      -0.004    0.009    118  1.659   1.01   7.54    0.00
2458077.33253       0.000    0.009    118  1.672   1.02   6.97    0.01
2458077.33378       0.003    0.009    118  1.686   1.02   6.55    0.02
2458077.33503       0.007    0.009    115  1.700   0.97   7.00   -0.05
2458077.33629      -0.005    0.009    118  1.714   1.01   6.88   -0.03
2458077.33755       0.007    0.009    116  1.729   0.99   6.92   -0.06
2458077.33880       0.010    0.009    116  1.743   0.99   6.59   -0.07
2458077.34005      -0.003    0.010    112  1.759   0.92   7.25   -0.17
2458077.34131       0.000    0.009    117  1.774   0.99   6.75   -0.09
2458077.34258       0.005    0.009    116  1.790   0.99   6.91   -0.10
2458077.34385      -0.002    0.009    117  1.807   0.99   6.88   -0.11
2458077.34510       0.004    0.009    115  1.823   0.97   6.45   -0.14
2458077.34636       0.006    0.009    116  1.840   0.98   6.72   -0.14
2458077.34761       0.000    0.009    114  1.858   0.95   6.33   -0.18
2458077.34887       0.007    0.009    116  1.875   0.98   6.36   -0.15
2458077.35012      -0.001    0.009    114  1.894   0.94   6.58   -0.21
2458077.35138       0.000    0.010    112  1.912   0.92   6.59   -0.26
2458077.35263       0.005    0.010    109  1.931   0.86   6.68   -0.35
2458077.35389      -0.004    0.009    114  1.951   0.95   8.42   -0.26
2458077.35516      -0.004    0.009    115  1.971   0.96   6.58   -0.25
2458077.35641       0.001    0.009    116  1.992   0.97   6.12   -0.25
2458077.35767       0.008    0.009    115  2.013   0.97   6.21   -0.24
2458077.35892       0.001    0.009    115  2.034   0.97   6.34   -0.25
2458077.36018       0.003    0.009    115  2.057   0.96   6.09   -0.26
2458077.36143       0.005    0.009    114  2.079   0.96   6.31   -0.26
2458077.36269       0.002    0.009    115  2.103   0.96   6.17   -0.27
2458077.36394       0.002    0.009    114  2.126   0.95   7.15   -0.28
2458077.36520       0.007    0.009    114  2.151   0.95   6.38   -0.29
2458077.36645      -0.004    0.009    114  2.176   0.95   6.35   -0.31
2458077.36770       0.000    0.009    114  2.202   0.95   6.30   -0.32
2458077.36895      -0.006    0.009    114  2.228   0.94   6.45   -0.34
2458077.37021      -0.004    0.009    114  2.255   0.94   6.84   -0.35
2458077.37146      -0.003    0.010    113  2.283   0.93   6.76   -0.37
2458077.37273      -0.009    0.010    114  2.313   0.93   6.50   -0.37
2458077.37403      -0.008    0.010    112  2.343   0.90   8.27   -0.43
2458077.37533      -0.007    0.010    113  2.375   0.92   7.15   -0.42
2458077.37663      -0.009    0.010    113  2.407   0.92   6.98   -0.43
2458077.37790      -0.001    0.010    112  2.440   0.92   6.55   -0.45
2458077.37917      -0.007    0.010    112  2.474   0.91   6.76   -0.46
2458077.38043       0.004    0.010    112  2.508   0.92   6.16   -0.46
2458077.38166      -0.006    0.010    111  2.543   0.90   6.62   -0.51
2458077.38293      -0.013    0.010    111  2.580   0.88   6.87   -0.53
2458077.38424      -0.003    0.010    111  2.619   0.89   6.70   -0.54
2458077.38554      -0.003    0.010    110  2.660   0.88   6.29   -0.55
2458077.38680      -0.010    0.010    110  2.700   0.87   6.64   -0.57
2458077.38808      -0.008    0.010    105  2.742   0.79   7.31   -0.68
2458077.38935      -0.013    0.010    110  2.786   0.87   7.12   -0.58

Observador: Mario Morales-Observatorio de Sencelles MPC K14
FotoDif 3.95
