JD V-C s1
Aperture: 6, Filter: LNIR, JD: geocentric
2457615.47358 0.06345 0.00165
2457615.47283 99.99999 9.99999
2457615.47208 99.99999 9.99999
2457615.47133 0.06199 0.00164
2457615.47059 99.99999 9.99999
2457615.46984 0.06781 0.00162
2457615.46909 0.06634 0.00164
2457615.46834 0.06407 0.00165
2457615.46759 0.06509 0.00161
2457615.46684 0.06718 0.00166
2457615.46609 0.06343 0.00163
2457615.46535 0.06420 0.00158
2457615.46460 0.06579 0.00163
2457615.46385 0.06426 0.00162
2457615.46310 99.99999 9.99999
2457615.46235 99.99999 9.99999
2457615.46161 99.99999 9.99999
2457615.46085 99.99999 9.99999
2457615.46010 0.06297 0.00160
2457615.45935 0.06092 0.00162
2457615.45860 0.06380 0.00162
2457615.45784 0.06145 0.00162
2457615.45709 99.99999 9.99999
2457615.45634 0.06222 0.00162
2457615.45558 0.06355 0.00163
2457615.45484 99.99999 9.99999
2457615.45408 0.06567 0.00163
2457615.45333 0.06104 0.00163
2457615.45258 0.06307 0.00162
2457615.45182 0.06526 0.00164
2457615.45107 0.06540 0.00160
2457615.45032 0.06355 0.00160
2457615.44957 0.06384 0.00162
2457615.44881 0.06130 0.00166
2457615.44806 0.06163 0.00159
2457615.44731 99.99999 9.99999
2457615.44655 99.99999 9.99999
2457615.44580 0.06234 0.00160
2457615.44505 0.06152 0.00162
2457615.44430 0.06543 0.00160
2457615.44355 0.06144 0.00166
2457615.44280 0.06281 0.00162
2457615.44205 0.06118 0.00166
2457615.44130 0.06030 0.00162
2457615.44055 0.06310 0.00163
2457615.43980 0.06269 0.00163
2457615.43905 0.06023 0.00163
2457615.43830 0.06465 0.00164
2457615.43754 0.05997 0.00164
2457615.43671 0.05956 0.00165
2457615.43565 0.05981 0.00165
2457615.43490 0.05888 0.00163
2457615.43414 0.05914 0.00163
2457615.43338 0.06323 0.00165
2457615.43232 0.05548 0.00164
2457615.43156 0.05931 0.00163
2457615.43081 0.05730 0.00164
2457615.43006 0.05576 0.00162
2457615.42930 0.05717 0.00162
2457615.42855 0.05419 0.00165
2457615.42780 0.05595 0.00165
2457615.42705 99.99999 9.99999
2457615.42629 0.05233 0.00165
2457615.42554 0.05589 0.00164
2457615.42479 0.05272 0.00164
2457615.42403 0.04776 0.00164
2457615.42328 0.04828 0.00164
2457615.42253 99.99999 9.99999
2457615.42177 99.99999 9.99999
2457615.42102 99.99999 9.99999
2457615.42027 0.03908 0.00163
2457615.41951 0.03799 0.00161
2457615.41876 0.03398 0.00161
2457615.41800 0.03205 0.00164
2457615.41725 0.03254 0.00164
2457615.41650 0.03028 0.00165
2457615.41575 0.03234 0.00164
2457615.41499 99.99999 9.99999
2457615.41424 0.02551 0.00162
2457615.41349 0.02533 0.00163
2457615.41273 0.02520 0.00161
2457615.41198 0.02403 0.00164
2457615.41123 0.02374 0.00160
2457615.41048 0.02379 0.00160
2457615.40972 0.02882 0.00159
2457615.40897 99.99999 9.99999
2457615.40822 99.99999 9.99999
2457615.40746 99.99999 9.99999
2457615.40671 0.02334 0.00161
2457615.40596 99.99999 9.99999
2457615.40520 0.02503 0.00160
2457615.40445 0.02683 0.00160
2457615.40370 99.99999 9.99999
2457615.40294 99.99999 9.99999
2457615.40219 0.02457 0.00158
2457615.40144 0.02455 0.00160
2457615.40069 0.02859 0.00161
2457615.39993 0.02796 0.00160
2457615.39918 0.02621 0.00164
2457615.39843 0.02857 0.00161
2457615.39767 0.02646 0.00162
2457615.39692 0.02698 0.00160
2457615.39617 0.02951 0.00162
2457615.39541 0.02724 0.00161
2457615.39466 0.02870 0.00159
2457615.39391 0.03102 0.00159
2457615.39316 0.02825 0.00160
2457615.39240 99.99999 9.99999
2457615.39165 99.99999 9.99999
2457615.39090 99.99999 9.99999
2457615.38939 99.99999 9.99999
2457615.38638 99.99999 9.99999
2457615.38562 99.99999 9.99999
2457615.38487 99.99999 9.99999
2457615.38412 99.99999 9.99999
2457615.38337 99.99999 9.99999
2457615.37809 99.99999 9.99999
2457615.37433 99.99999 9.99999
2457615.37358 99.99999 9.99999
2457615.37282 99.99999 9.99999
2457615.37207 99.99999 9.99999
2457615.37132 99.99999 9.99999
2457615.37056 99.99999 9.99999
2457615.36981 99.99999 9.99999
2457615.36906 99.99999 9.99999
2457615.36755 99.99999 9.99999
2457615.36680 99.99999 9.99999
2457615.36604 99.99999 9.99999
2457615.36529 99.99999 9.99999
2457615.36378 99.99999 9.99999
2457615.36303 99.99999 9.99999
2457615.36228 99.99999 9.99999
2457615.35886 99.99999 9.99999
2457615.35961 99.99999 9.99999
2457615.36037 99.99999 9.99999
2457615.36112 99.99999 9.99999
2457615.47433 99.99999 9.99999
2457615.47507 0.06473 0.00165
2457615.47582 0.06424 0.00167
2457615.47657 99.99999 9.99999
2457615.47732 99.99999 9.99999
2457615.47806 99.99999 9.99999
2457615.47956 0.06428 0.00165
2457615.48031 0.06290 0.00165
2457615.48106 0.06170 0.00163
2457615.48180 0.06314 0.00161
2457615.48255 0.06310 0.00166
2457615.48330 0.06562 0.00163
2457615.48405 0.06205 0.00165
2457615.48480 0.06012 0.00162
2457615.48554 0.06293 0.00165
2457615.48629 0.06155 0.00164
2457615.48704 0.06009 0.00165
2457615.48779 0.06294 0.00167
2457615.48854 0.05807 0.00162
2457615.48928 0.05915 0.00165
2457615.49003 0.06370 0.00167
2457615.49078 0.05999 0.00163
2457615.49153 0.05997 0.00164
2457615.49228 0.05750 0.00166
2457615.49303 0.05785 0.00162
2457615.49377 0.05696 0.00166
2457615.49452 0.05493 0.00164
2457615.49527 0.05341 0.00163
2457615.49602 0.04997 0.00162
2457615.49677 0.04908 0.00163
2457615.49751 0.04522 0.00164
2457615.49826 0.04540 0.00163
2457615.49901 0.04468 0.00161
2457615.49976 0.04190 0.00161
2457615.50050 0.04060 0.00160
2457615.50125 0.03823 0.00162
2457615.50200 0.04160 0.00166
2457615.50275 0.03794 0.00162
2457615.50350 0.03631 0.00165
2457615.50424 0.03084 0.00162
2457615.50499 0.03173 0.00158
2457615.50574 0.03178 0.00163
2457615.50649 0.02791 0.00160
2457615.50724 0.03206 0.00164
2457615.50799 0.02947 0.00163
2457615.50873 0.02477 0.00160
2457615.50948 0.02864 0.00159
2457615.51023 0.02752 0.00159
2457615.51098 0.03130 0.00159
2457615.51172 0.02721 0.00161
2457615.51247 0.02653 0.00162
2457615.51322 0.03160 0.00162
2457615.51397 0.02760 0.00162
2457615.51472 0.03213 0.00161
2457615.51546 0.02888 0.00162
2457615.51621 0.03057 0.00160
2457615.51696 0.03105 0.00163
2457615.51771 0.03138 0.00162
2457615.51920 0.02911 0.00159
