FOTOMETRÍA RELATIVA

HAT-P-23B 
FECHA J HELIO         MAG      +/-    RSR  AIRMS  TRANS  FWHM"   FONDO   NUM
-----------------------------------------  -----  -----  -----  ------  --
2457958.40187     0.08363  0.00105    160  1.427   0.96   4.72   -0.33  0001
2457958.40650     0.08785  0.00404    160  1.398   0.97   5.00   -0.30  0002
2457958.41108     0.08893  0.00146    161  1.370   0.98   4.72   -0.25  0003
2457958.41568     0.08983  0.00105    161  1.345   0.97   4.94   -0.21  0004
2457958.42028     0.09132  0.00108    161  1.321   0.98   4.91   -0.18  0005
2457958.42486     0.09531  0.00102    162  1.299   0.99   4.51   -0.13  0006
2457958.42947     0.09754  0.00122    162  1.279   1.00   4.95   -0.09  0007
2457958.43403     0.10216  0.00320    161  1.260   0.99   4.75   -0.08  0008
2457958.43865     0.10080  0.00110    161  1.242   0.99   4.64   -0.07  0009
2457958.44323     0.10984  0.00100    161  1.225   1.00   4.70   -0.04  0010
2457958.44794     0.11005  0.00154    162  1.209   1.00   4.60   -0.03  0011
2457958.45715     0.11085  0.00125    162  1.182   1.01   4.61    0.02  0012
2457958.46173     0.11181  0.00173    162  1.170   1.00   4.96    0.03  0013
2457958.46631     0.10577  0.00115    161  1.159   0.98   4.59    0.03  0014
2457958.47094     0.10128  0.00110    163  1.149   1.01   4.78    0.06  0015
2457958.47550     0.10264  0.00135    163  1.140   1.01   4.95    0.07  0016
2457958.48011     0.10408  0.00145    164  1.132   1.02   4.82    0.10  0017
2457958.48471     0.10397  0.00144    163  1.124   1.01   5.08    0.10  0018
2457958.48935     0.09962  0.00126    164  1.117   1.01   5.06    0.11  0019
2457958.49394     0.10261  0.00114    164  1.112   1.01   4.73    0.14  0020
2457958.49853     0.09763  0.00493    164  1.107   1.01   4.97    0.14  0021
2457958.50313     0.09447  0.00162    165  1.102   1.02   5.14    0.17  0022
2457958.50775     0.08871  0.00398    165  1.099   1.02   5.29    0.18  0023
2457958.51240     0.08912  0.00133    164  1.096   1.01   5.71    0.18  0024
2457958.51697     0.09005  0.00108    165  1.094   1.01   5.30    0.19  0025
2457958.52158     0.09034  0.00112    166  1.093   1.03   4.76    0.22  0026

Observador: David Molina (Observatorio Anunaki)
FotoDif 3.93
