JD V-C s1 AIRMASS ALTITUDE
Aperture: 7, Filter: Green, JD: geocentric
2458735.4312616 -0.05537 0.00101 1.3682 46.89
2458735.4327199 -0.05513 0.00101 1.3607 47.23
2458735.4342130 -0.05788 0.00100 1.3532 47.58
2458735.4357060 -0.05648 0.00099 1.3458 47.92
2458735.4371991 -0.05602 0.00100 1.3385 48.27
2458735.4386921 -0.05648 0.00099 1.3313 48.62
2458735.4401852 -0.05606 0.00098 1.3243 48.97
2458735.4416667 -0.05322 0.00100 1.3174 49.31
2458735.4431597 -0.05556 0.00098 1.3106 49.66
2458735.4446528 -0.05544 0.00098 1.3038 50.01
2458735.4461458 -0.05399 0.00098 1.2972 50.37
2458735.4476389 -0.05660 0.00098 1.2907 50.72
2458735.4491319 -0.05375 0.00098 1.2843 51.07
2458735.4505903 -0.05255 0.00098 1.2782 51.41
2458735.4520370 -0.04961 0.00098 1.2721 51.76
2458735.4534954 -0.05085 0.00098 1.2662 52.10
2458735.4549884 -0.05019 0.00097 1.2602 52.45
2458735.4564815 -0.04500 0.00098 1.2542 52.81
2458735.4579282 -0.03971 0.00098 1.2486 53.15
2458735.4594213 -0.03608 0.00098 1.2429 53.51
2458735.4608796 -0.03795 0.00098 1.2374 53.86
2458735.4623727 -0.03128 0.00097 1.2318 54.21
2458735.4638194 -0.03454 0.00097 1.2265 54.56
2458735.4653125 -0.03206 0.00097 1.2211 54.91
2458735.4667708 -0.03181 0.00096 1.2160 55.26
2458735.4682639 -0.03180 0.00097 1.2108 55.62
2458735.4697106 -0.03054 0.00097 1.2058 55.97
2458735.4712037 -0.03338 0.00096 1.2008 56.33
2458735.4726620 -0.02957 0.00097 1.1959 56.68
2458735.4741551 -0.02865 0.00096 1.1911 57.04
2458735.4756019 -0.02745 0.00096 1.1864 57.39
2458735.4770949 -0.02486 0.00097 1.1817 57.75
2458735.4785532 -0.02287 0.00096 1.1772 58.10
2458735.4800463 -0.02634 0.00095 1.1726 58.46
2458735.4814931 -0.02545 0.00095 1.1683 58.81
2458735.4829514 -0.02432 0.00095 1.1640 59.16
2458735.4843981 -0.02399 0.00094 1.1598 59.51
2458735.4858565 -0.02415 0.00095 1.1556 59.87
2458735.4873495 -0.02411 0.00094 1.1514 60.23
2458735.4888426 -0.02056 0.00093 1.1473 60.59
2458735.4903356 -0.02213 0.00093 1.1432 60.96
2458735.4917824 -0.02224 0.00092 1.1394 61.31
2458735.4932407 -0.02370 0.00092 1.1355 61.67
2458735.4947338 -0.02334 0.00092 1.1317 62.03
2458735.4962500 -0.02071 0.00092 1.1279 62.40
2458735.4976968 -0.02386 0.00092 1.1243 62.75
2458735.4991898 -0.02047 0.00091 1.1206 63.12
2458735.5006481 -0.02100 0.00092 1.1171 63.48
2458735.5021065 -0.02282 0.00091 1.1137 63.83
2458735.5050926 -0.02349 0.00090 1.1069 64.57
2458735.5065741 -0.01998 0.00090 1.1036 64.93
2458735.5080324 -0.01877 0.00090 1.1004 65.29
2458735.5094907 -0.01836 0.00091 1.0972 65.65
2458735.5109722 -0.02001 0.00090 1.0941 66.01
2458735.5124306 -0.02069 0.00090 1.0911 66.37
2458735.5139236 -0.02128 0.00090 1.0881 66.74
2458735.5153704 -0.02006 0.00090 1.0852 67.09
2458735.5168634 -0.02301 0.00089 1.0823 67.46
2458735.5183218 -0.01844 0.00090 1.0795 67.82
2458735.5198148 -0.02116 0.00090 1.0767 68.19
2458735.5213079 -0.02085 0.00090 1.0740 68.56
2458735.5227894 -0.02204 0.00090 1.0713 68.92
2458735.5242824 -0.02056 0.00089 1.0687 69.29
2458735.5257407 -0.02029 0.00090 1.0662 69.65
2458735.5272569 -0.01922 0.00089 1.0637 70.03
2458735.5287500 -0.02155 0.00090 1.0612 70.40
2458735.5302083 -0.02167 0.00089 1.0589 70.76
2458735.5316551 -0.02077 0.00089 1.0566 71.12
2458735.5331481 -0.01977 0.00089 1.0543 71.49
2458735.5346065 -0.02029 0.00089 1.0521 71.85
2458735.5360995 -0.02142 0.00089 1.0499 72.22
2458735.5375463 -0.02096 0.00089 1.0478 72.58
2458735.5390046 -0.02082 0.00089 1.0458 72.94
2458735.5404514 -0.01991 0.00090 1.0438 73.30
2458735.5419097 -0.02190 0.00088 1.0419 73.66
2458735.5433681 -0.02056 0.00088 1.0400 74.02
2458735.5448148 -0.02133 0.00090 1.0381 74.38
2458735.5463079 -0.01907 0.00089 1.0363 74.75
2458735.5492130 -0.02203 0.00089 1.0329 75.47
2458735.5507060 -0.02094 0.00089 1.0312 75.84
2458735.5521991 -0.02253 0.00089 1.0295 76.21
2458735.5536921 -0.02431 0.00089 1.0279 76.57
2458735.5551505 -0.02493 0.00089 1.0264 76.94
2458735.5565972 -0.02443 0.00089 1.0249 77.29
2458735.5580556 -0.02472 0.00088 1.0235 77.65
2458735.5595023 -0.02921 0.00088 1.0221 78.01
2458735.5610301 -0.02923 0.00089 1.0207 78.39
2458735.5624769 -0.03012 0.00088 1.0195 78.74
2458735.5639352 -0.03176 0.00089 1.0182 79.10
2458735.5654282 -0.03675 0.00088 1.0170 79.47
2458735.5669213 -0.03497 0.00089 1.0158 79.83
2458735.5683681 -0.04305 0.00089 1.0147 80.19
2458735.5698264 -0.04009 0.00089 1.0137 80.54
2458735.5713194 -0.04149 0.00089 1.0126 80.91
2458735.5727662 -0.04706 0.00089 1.0116 81.26
2458735.5742245 -0.04845 0.00088 1.0107 81.61
2458735.5756713 -0.04366 0.00087 1.0098 81.96
2458735.5771296 -0.04486 0.00088 1.0090 82.31
2458735.5786227 -0.04048 0.00088 1.0081 82.67
2458735.5801157 -0.04265 0.00087 1.0074 83.03
2458735.5816088 -0.04759 0.00088 1.0066 83.38
2458735.5830903 -0.04379 0.00088 1.0060 83.73
2458735.5845718 -0.04443 0.00088 1.0053 84.07
2458735.5860301 -0.04345 0.00089 1.0047 84.40
2458735.5874769 -0.04551 0.00087 1.0042 84.73
2458735.5889699 -0.04515 0.00087 1.0037 85.07
2458735.5904630 -0.04574 0.00088 1.0032 85.39
2458735.5919213 -0.04555 0.00088 1.0028 85.70
2458735.5934144 -0.04252 0.00087 1.0024 86.01
2458735.5949074 -0.04209 0.00088 1.0020 86.30
2458735.5964005 -0.04422 0.00088 1.0017 86.58
2458735.5978472 -0.04255 0.00087 1.0015 86.83
2458735.5993403 -0.04582 0.00087 1.0013 87.06
2458735.6007986 -0.04597 0.00087 1.0011 87.25
2458735.6022454 -0.04600 0.00087 1.0010 87.41
2458735.6037384 -0.04405 0.00088 1.0009 87.52
2458735.6066782 -0.04737 0.00089 1.0009 87.58
2458735.6081366 -0.04292 0.00087 1.0009 87.52
2458735.6095949 -0.04635 0.00087 1.0010 87.42
2458735.6110417 -0.04369 0.00087 1.0011 87.27
2458735.6125347 -0.04270 0.00088 1.0013 87.07
2458735.6139931 -0.04147 0.00087 1.0015 86.84
2458735.6154398 -0.04270 0.00088 1.0017 86.60
2458735.6168981 -0.04534 0.00088 1.0020 86.33
2458735.6183912 -0.04306 0.00087 1.0024 86.04
2458735.6198380 -0.04463 0.00088 1.0027 85.74
2458735.6212963 -0.04322 0.00088 1.0031 85.43
2458735.6227431 -0.04481 0.00089 1.0036 85.12
2458735.6242014 -0.04561 0.00087 1.0041 84.79
2458735.6256944 -0.04371 0.00086 1.0046 84.45
2458735.6271875 -0.04226 0.00088 1.0052 84.11
2458735.6286690 -0.04342 0.00088 1.0059 83.77
2458735.6301273 -0.04406 0.00089 1.0065 83.43
2458735.6316204 -0.04455 0.00087 1.0073 83.07
2458735.6330671 -0.04439 0.00087 1.0080 82.73
2458735.6345255 -0.04172 0.00087 1.0088 82.38
2458735.6359838 -0.04328 0.00087 1.0097 82.03
2458735.6374306 -0.04301 0.00086 1.0105 81.68
2458735.6389236 -0.04516 0.00087 1.0115 81.32
2458735.6404167 -0.04553 0.00087 1.0125 80.96
2458735.6418750 -0.04462 0.00087 1.0135 80.60
