HelioJD    	T-aveC
2457965.692395	0.472
2457965.693103	0.478
2457965.69381	0.469
2457965.694518	0.465
2457965.695225	0.485
2457965.695933	0.470
2457965.69664	0.476
2457965.697347	0.469
2457965.698055	0.469
2457965.698762	0.473
2457965.69947	0.476
2457965.700177	0.469
2457965.700884	0.477
2457965.701592	0.477
2457965.702299	0.458
2457965.703007	0.469
2457965.703714	0.470
2457965.704421	0.477
2457965.705129	0.469
2457965.705836	0.474
2457965.706544	0.476
2457965.707252	0.467
2457965.707959	0.483
2457965.708666	0.467
2457965.709374	0.471
2457965.710081	0.472
2457965.710789	0.482
2457965.711496	0.455
2457965.712204	0.467
2457965.712911	0.474
2457965.713618	0.478
2457965.714326	0.469
2457965.715033	0.455
2457965.715741	0.469
2457965.716448	0.468
2457965.717155	0.469
2457965.717863	0.476
2457965.71857	0.478
2457965.719278	0.469
2457965.719985	0.467
2457965.720693	0.464
2457965.7214	0.461
2457965.722107	0.468
2457965.722815	0.467
2457965.723522	0.473
2457965.724229	0.476
2457965.724937	0.475
2457965.725644	0.475
2457965.726352	0.474
2457965.727059	0.463
2457965.727767	0.478
2457965.728474	0.466
2457965.729181	0.466
2457965.729889	0.464
2457965.730596	0.469
2457965.731304	0.470
2457965.732011	0.463
2457965.732718	0.457
2457965.733426	0.471
2457965.734133	0.471
2457965.734841	0.470
2457965.735548	0.467
2457965.736255	0.470
2457965.736963	0.468
2457965.73767	0.479
2457965.738378	0.463
2457965.739085	0.481
2457965.739792	0.457
2457965.7405	0.460
2457965.741207	0.461
2457965.741915	0.463
2457965.742622	0.471
2457965.74333	0.469
2457965.744037	0.472
2457965.744745	0.471
2457965.745452	0.463
2457965.746159	0.464
2457965.746867	0.466
2457965.747574	0.461
2457965.748282	0.472
2457965.748989	0.467
2457965.749696	0.458
2457965.750404	0.466
2457965.751111	0.463
2457965.751819	0.467
2457965.752526	0.467
2457965.753233	0.465
2457965.753941	0.453
2457965.754648	0.457
2457965.755356	0.459
2457965.756063	0.467
2457965.756771	0.458
2457965.757478	0.473
2457965.758185	0.465
2457965.758893	0.458
2457965.7596	0.468
2457965.760307	0.457
2457965.761015	0.467
2457965.761722	0.467
2457965.76243	0.460
2457965.763137	0.464
2457965.763844	0.468
2457965.764552	0.467
2457965.765259	0.469
2457965.765967	0.475
2457965.766674	0.479
2457965.767382	0.466
2457965.768089	0.467
2457965.768796	0.479
2457965.769504	0.480
2457965.770211	0.485
2457965.770919	0.490
2457965.771626	0.486
2457965.772333	0.482
2457965.773041	0.479
2457965.773748	0.489
2457965.774456	0.493
2457965.775163	0.492
2457965.77587	0.505
2457965.776578	0.492
2457965.777285	0.490
2457965.777993	0.494
2457965.7787	0.495
2457965.779408	0.493
2457965.780115	0.484
2457965.780822	0.487
2457965.78153	0.499
2457965.782237	0.492
2457965.782945	0.497
2457965.783652	0.492
2457965.78436	0.489
2457965.785067	0.489
2457965.785774	0.487
2457965.786482	0.490
2457965.787189	0.498
2457965.787897	0.497
2457965.788604	0.495
2457965.789311	0.497
2457965.790019	0.505
2457965.790726	0.498
2457965.791434	0.502
2457965.792141	0.495
2457965.792848	0.494
2457965.793556	0.487
2457965.794263	0.493
2457965.794971	0.499
2457965.795678	0.491
2457965.796386	0.493
2457965.797093	0.494
2457965.7978	0.490
2457965.798508	0.488
2457965.799215	0.499
2457965.799922	0.494
2457965.80063	0.490
2457965.801338	0.496
2457965.802045	0.501
2457965.802752	0.498
2457965.80346	0.503
2457965.804167	0.502
2457965.804875	0.498
2457965.805582	0.505
2457965.806289	0.492
2457965.806997	0.492
2457965.807705	0.501
2457965.808412	0.495
2457965.809119	0.501
2457965.809827	0.501
2457965.810534	0.498
2457965.811242	0.509
2457965.811949	0.501
2457965.812657	0.505
2457965.813364	0.498
2457965.814071	0.500
2457965.814779	0.506
2457965.815486	0.506
2457965.816194	0.503
2457965.816901	0.497
2457965.817609	0.503
2457965.818316	0.496
2457965.819023	0.500
2457965.819731	0.496
2457965.820438	0.501
2457965.821146	0.500
2457965.821853	0.501
2457965.82256	0.498
2457965.823268	0.495
2457965.823975	0.493
2457965.824683	0.499
2457965.82539	0.495
2457965.826097	0.494
2457965.826805	0.498
2457965.827512	0.495
2457965.82822	0.502
2457965.828927	0.500
2457965.829635	0.495
2457965.830342	0.495
2457965.831049	0.496
2457965.831757	0.496
2457965.832464	0.489
2457965.833172	0.502
2457965.833879	0.503
2457965.834586	0.497
2457965.835294	0.499
2457965.836001	0.497
2457965.836709	0.494
2457965.837416	0.491
2457965.838123	0.506
2457965.838831	0.493
2457965.839538	0.491
2457965.840246	0.490
2457965.840953	0.492
2457965.84166	0.483
2457965.842368	0.498
2457965.843075	0.481
2457965.843783	0.488
2457965.84449	0.482
2457965.845197	0.477
2457965.845905	0.475
2457965.846612	0.471
2457965.84732	0.468
2457965.848027	0.473
2457965.848735	0.470
2457965.849442	0.482
2457965.85015	0.462
2457965.850857	0.467
2457965.851565	0.462
2457965.852272	0.469
2457965.85298	0.475
2457965.853687	0.463
2457965.854394	0.467
2457965.855101	0.452
2457965.855809	0.462
2457965.856516	0.467
2457965.857224	0.469
2457965.857931	0.465
2457965.858638	0.465
2457965.859346	0.458
2457965.860053	0.466
2457965.860761	0.464
2457965.861468	0.470
2457965.862176	0.461
2457965.862883	0.464
2457965.86359	0.470
2457965.864298	0.458
2457965.865005	0.466
2457965.865712	0.466
2457965.86642	0.468
2457965.867127	0.459
2457965.867835	0.468
2457965.868542	0.457
2457965.86925	0.463
2457965.869957	0.466
2457965.870665	0.466
2457965.871372	0.466
2457965.872079	0.458
2457965.872787	0.465
2457965.873494	0.467
2457965.874202	0.466
2457965.874909	0.468
2457965.875617	0.463
2457965.876324	0.469
2457965.877031	0.456
2457965.877739	0.468
2457965.878446	0.458
2457965.879154	0.473
2457965.879861	0.464
2457965.880568	0.460
2457965.881276	0.470
2457965.881983	0.463
2457965.882691	0.465