JDHEL V-C s1 HELCOR AIRMASS
Aperture: 6, Filter: Clear, JD: heliocentric
2457127.7603684 -0.44456 0.02176 0.0008920 2.0880
2457127.7625451 -0.49619 0.04831 0.0008921 2.0608
2457127.7633019 -0.51784 0.05730 0.0008921 2.0515
2457127.7640584 -0.46954 0.06779 0.0008921 2.0423
2457127.7648150 -0.48320 0.08064 0.0008922 2.0332
2457127.7655716 -0.53530 0.05250 0.0008922 2.0242
2457127.7663281 -0.47146 0.06991 0.0008922 2.0152
2457127.7670849 -0.51610 0.03920 0.0008923 2.0063
2457127.7678414 -0.47835 0.05232 0.0008923 1.9975
2457127.7685980 -0.49136 0.02749 0.0008924 1.9888
2457127.7693547 -0.56639 0.05712 0.0008924 1.9801
2457127.7701111 -0.52673 0.04900 0.0008924 1.9716
2457127.7708677 -0.47939 0.02598 0.0008925 1.9631
2457127.7716243 -0.48021 0.01722 0.0008925 1.9546
2457127.7723808 -0.49597 0.02028 0.0008925 1.9463
2457127.7731374 -0.48807 0.02339 0.0008926 1.9380
2457127.7738939 -0.49312 0.01821 0.0008926 1.9298
2457127.7746505 -0.47521 0.01971 0.0008926 1.9217
2457127.7754071 -0.49193 0.01605 0.0008927 1.9136
2457127.7761636 -0.45622 0.01736 0.0008927 1.9056
2457127.7769202 -0.49804 0.01939 0.0008927 1.8977
2457127.7776768 -0.52054 0.02252 0.0008928 1.8898
2457127.7784335 -0.45904 0.02132 0.0008928 1.8820
2457127.7791899 -0.51048 0.02472 0.0008929 1.8743
2457127.7799464 -0.50512 0.02672 0.0008929 1.8666
2457127.7807031 -0.48983 0.02194 0.0008929 1.8591
2457127.7814600 -0.49112 0.01761 0.0008930 1.8515
2457127.7822166 -0.50182 0.01370 0.0008930 1.8441
2457127.7829730 -0.48978 0.01459 0.0008930 1.8367
2457127.7837296 -0.50281 0.01567 0.0008931 1.8293
2457127.7844861 -0.48582 0.01413 0.0008931 1.8221
2457127.7852427 -0.47500 0.01261 0.0008931 1.8149
2457127.7859991 -0.48211 0.01247 0.0008932 1.8077
2457127.7867556 -0.48629 0.01045 0.0008932 1.8006
2457127.7875122 -0.47013 0.00937 0.0008932 1.7936
2457127.7882688 -0.48227 0.00766 0.0008933 1.7866
2457127.7890253 -0.48104 0.00675 0.0008933 1.7797
2457127.7897819 -0.47933 0.00621 0.0008934 1.7729
2457127.7912950 -0.48548 0.00542 0.0008934 1.7593
2457127.7920514 -0.47753 0.00574 0.0008935 1.7527
2457127.7928080 -0.47737 0.00577 0.0008935 1.7460
2457127.7935645 -0.47999 0.00556 0.0008935 1.7395
2457127.7943209 -0.47358 0.00521 0.0008936 1.7330
2457127.7950776 -0.47621 0.00670 0.0008936 1.7265
2457127.7958342 -0.47014 0.00730 0.0008936 1.7201
2457127.7965908 -0.50118 0.01099 0.0008937 1.7137
2457127.7973474 -0.48922 0.00924 0.0008937 1.7074
2457127.7981039 -0.47506 0.01780 0.0008938 1.7012
2457127.7988605 -0.46866 0.00959 0.0008938 1.6950
2457127.7996170 -0.46289 0.01374 0.0008938 1.6889
2457127.8003738 -0.46801 0.01775 0.0008939 1.6828
2457127.8011304 -0.46636 0.01260 0.0008939 1.6767
2457127.8018869 -0.48434 0.00829 0.0008939 1.6707
2457127.8026435 -0.46965 0.01445 0.0008940 1.6648
2457127.8034000 -0.45723 0.01914 0.0008940 1.6589
2457127.8041566 -0.46240 0.01601 0.0008940 1.6531
2457127.8049132 -0.47058 0.00853 0.0008941 1.6473
2457127.8056697 -0.47823 0.01188 0.0008941 1.6415
2457127.8064263 -0.47352 0.01059 0.0008941 1.6358
2457127.8071829 -0.46984 0.01676 0.0008942 1.6302
2457127.8079394 -0.46785 0.00842 0.0008942 1.6245
2457127.8086960 -0.46702 0.02094 0.0008943 1.6190
2457127.8094526 -0.48353 0.01490 0.0008943 1.6135
2457127.8102091 -0.48073 0.01817 0.0008943 1.6080
2457127.8109657 -0.47573 0.00914 0.0008944 1.6026
2457127.8117222 -0.46064 0.00640 0.0008944 1.5972
2457127.8124789 -0.46862 0.00722 0.0008944 1.5918
2457127.8132355 -0.48975 0.00771 0.0008945 1.5865
2457127.8139921 -0.47719 0.00975 0.0008945 1.5813
2457127.8147486 -0.49940 0.01154 0.0008945 1.5761
2457127.8155052 -0.47327 0.00774 0.0008946 1.5709
2457127.8162620 -0.48285 0.00631 0.0008946 1.5658
2457127.8170185 -0.46534 0.00671 0.0008946 1.5607
2457127.8177751 -0.46260 0.00527 0.0008947 1.5557
2457127.8185316 -0.47094 0.00394 0.0008947 1.5507
2457127.8192882 -0.47238 0.00399 0.0008948 1.5457
2457127.8200448 -0.47230 0.00374 0.0008948 1.5408
2457127.8208013 -0.47419 0.00458 0.0008948 1.5359
2457127.8215579 -0.46484 0.00468 0.0008949 1.5311
2457127.8223143 -0.45434 0.00476 0.0008949 1.5263
2457127.8230709 -0.45857 0.00433 0.0008949 1.5215
2457127.8238274 -0.45723 0.00365 0.0008950 1.5168
2457127.8245840 -0.46860 0.00326 0.0008950 1.5121
2457127.8253404 -0.46175 0.00349 0.0008950 1.5074
2457127.8260970 -0.47059 0.00290 0.0008951 1.5028
2457127.8268535 -0.47817 0.00337 0.0008951 1.4982
2457127.8276101 -0.46431 0.00295 0.0008952 1.4937
2457127.8283667 -0.47219 0.00281 0.0008952 1.4892
2457127.8291232 -0.46891 0.00282 0.0008952 1.4847
2457127.8298800 -0.46516 0.00284 0.0008953 1.4803
2457127.8306365 -0.47305 0.00285 0.0008953 1.4759
2457127.8313933 -0.46467 0.00283 0.0008953 1.4715
2457127.8321498 -0.46815 0.00297 0.0008954 1.4672
2457127.8329063 -0.46775 0.00299 0.0008954 1.4629
2457127.8336629 -0.46683 0.00286 0.0008954 1.4587
2457127.8344195 -0.47640 0.00287 0.0008955 1.4545
2457127.8351760 -0.46772 0.00278 0.0008955 1.4503
2457127.8359326 -0.47169 0.00278 0.0008955 1.4461
2457127.8366890 -0.47533 0.00278 0.0008956 1.4420
2457127.8374455 -0.47082 0.00272 0.0008956 1.4379
2457127.8382021 -0.45963 0.00268 0.0008957 1.4338
2457127.8389588 -0.47096 0.00271 0.0008957 1.4298
2457127.8397154 -0.46539 0.00267 0.0008957 1.4258
2457127.8404720 -0.47070 0.00275 0.0008958 1.4219
2457127.8412284 -0.46297 0.00270 0.0008958 1.4179
2457127.8419849 -0.46636 0.00255 0.0008958 1.4141
2457127.8427412 -0.47075 0.00256 0.0008959 1.4102
2457127.8434978 -0.47044 0.00257 0.0008959 1.4064
2457127.8442543 -0.46880 0.00256 0.0008959 1.4026
2457127.8450109 -0.46637 0.00254 0.0008960 1.3988
2457127.8457677 -0.47140 0.00252 0.0008960 1.3950
2457127.8465244 -0.46551 0.00250 0.0008960 1.3913
2457127.8472810 -0.47029 0.00250 0.0008961 1.3876
2457127.8480377 -0.46326 0.00247 0.0008961 1.3840
2457127.8487943 -0.46550 0.00247 0.0008962 1.3804
2457127.8495507 -0.46254 0.00253 0.0008962 1.3768
2457127.8503070 -0.47601 0.00250 0.0008962 1.3732
2457127.8510638 -0.46774 0.00253 0.0008963 1.3697
2457127.8518202 -0.46450 0.00249 0.0008963 1.3662
2457127.8525767 -0.46946 0.00247 0.0008963 1.3627
2457127.8533332 -0.46549 0.00247 0.0008964 1.3592
2457127.8540898 -0.47034 0.00244 0.0008964 1.3558
2457127.8548463 -0.46872 0.00242 0.0008964 1.3524
2457127.8556029 -0.47201 0.00237 0.0008965 1.3490
2457127.8563594 -0.47035 0.00241 0.0008965 1.3457
2457127.8571160 -0.47047 0.00238 0.0008966 1.3424
2457127.8578726 -0.46367 0.00236 0.0008966 1.3391
2457127.8586291 -0.47144 0.00235 0.0008966 1.3358
2457127.8593857 -0.46820 0.00236 0.0008967 1.3326
2457127.8601425 -0.47159 0.00237 0.0008967 1.3294
2457127.8608990 -0.46589 0.00235 0.0008967 1.3262
2457127.8616556 -0.46381 0.00237 0.0008968 1.3230
2457127.8624125 -0.46700 0.00236 0.0008968 1.3199
2457127.8631693 -0.46798 0.00236 0.0008968 1.3168
2457127.8639255 -0.46483 0.00231 0.0008969 1.3137
2457127.8646823 -0.47207 0.00236 0.0008969 1.3107
2457127.8654390 -0.46798 0.00237 0.0008969 1.3076
2457127.8661956 -0.46577 0.00233 0.0008970 1.3046
2457127.8669522 -0.46844 0.00231 0.0008970 1.3016
2457127.8677087 -0.46588 0.00231 0.0008971 1.2987
2457127.8684653 -0.47091 0.00235 0.0008971 1.2957
2457127.8692217 -0.46719 0.00230 0.0008971 1.2928
2457127.8699782 -0.46967 0.00227 0.0008972 1.2899
2457127.8707348 -0.47250 0.00231 0.0008972 1.2871
2457127.8714915 -0.47424 0.00225 0.0008972 1.2842
2457127.8722481 -0.46614 0.00228 0.0008973 1.2814
2457127.8730049 -0.46638 0.00226 0.0008973 1.2786
2457127.8737611 -0.47264 0.00226 0.0008973 1.2759
2457127.8745177 -0.46936 0.00228 0.0008974 1.2731
2457127.8752743 -0.47118 0.00225 0.0008974 1.2704
2457127.8760308 -0.47046 0.00229 0.0008974 1.2677
2457127.8767879 -0.47042 0.00224 0.0008975 1.2650
2457127.8775445 -0.46789 0.00226 0.0008975 1.2623
2457127.8783011 -0.46607 0.00226 0.0008976 1.2597
2457127.8790576 -0.47032 0.00226 0.0008976 1.2571
2457127.8798140 -0.46713 0.00224 0.0008976 1.2545
2457127.8805706 -0.46997 0.00225 0.0008977 1.2519
2457127.8813272 -0.46427 0.00221 0.0008977 1.2494
2457127.8820837 -0.47391 0.00225 0.0008977 1.2469
2457127.8828403 -0.46429 0.00223 0.0008978 1.2444
2457127.8835968 -0.46874 0.00221 0.0008978 1.2419
2457127.8843533 -0.47308 0.00222 0.0008978 1.2394
2457127.8851099 -0.47298 0.00223 0.0008979 1.2370
2457127.8858664 -0.46740 0.00221 0.0008979 1.2345
2457127.8866230 -0.46910 0.00220 0.0008979 1.2321
2457127.8873796 -0.46912 0.00223 0.0008980 1.2298
2457127.8881361 -0.46731 0.00223 0.0008980 1.2274
2457127.8888929 -0.47201 0.00221 0.0008981 1.2250
2457127.8896494 -0.47737 0.00223 0.0008981 1.2227
2457127.8904060 -0.46812 0.00222 0.0008981 1.2204
2457127.8911626 -0.47411 0.00223 0.0008982 1.2181
2457127.8919193 -0.47662 0.00225 0.0008982 1.2159
2457127.8926759 -0.47450 0.00226 0.0008982 1.2136
2457127.8934328 -0.47587 0.00224 0.0008983 1.2114
2457127.8941896 -0.46920 0.00227 0.0008983 1.2092
2457127.8949459 -0.47586 0.00226 0.0008983 1.2070
2457127.8957024 -0.47892 0.00228 0.0008984 1.2049
2457127.8964590 -0.47975 0.00228 0.0008984 1.2027
2457127.8972154 -0.48070 0.00236 0.0008985 1.2006
2457127.8979719 -0.47860 0.00235 0.0008985 1.1985
2457127.8987285 -0.48205 0.00234 0.0008985 1.1964
2457127.8994851 -0.48581 0.00241 0.0008986 1.1943
2457127.9002416 -0.48041 0.00241 0.0008986 1.1923
2457127.9009984 -0.48412 0.00246 0.0008986 1.1902
2457127.9017549 -0.48780 0.00247 0.0008987 1.1882
2457127.9025115 -0.47982 0.00246 0.0008987 1.1862
2457127.9032681 -0.48650 0.00249 0.0008987 1.1842
2457127.9040248 -0.48271 0.00253 0.0008988 1.1823
2457127.9047814 -0.48376 0.00262 0.0008988 1.1803
2457127.9055376 -0.48605 0.00266 0.0008988 1.1784
2457127.9062941 -0.48450 0.00267 0.0008989 1.1765
2457127.9070507 -0.48788 0.00273 0.0008989 1.1746
2457127.9078074 -0.48099 0.00276 0.0008990 1.1727
2457127.9085638 -0.47844 0.00278 0.0008990 1.1709
2457127.9093202 -0.48476 0.00289 0.0008990 1.1690
2457127.9100768 -0.48487 0.00295 0.0008991 1.1672
2457127.9108333 -0.47982 0.00312 0.0008991 1.1654
2457127.9115899 -0.48441 0.00334 0.0008991 1.1636
2457127.9123465 -0.48896 0.00348 0.0008992 1.1618
2457127.9131030 -0.48816 0.00343 0.0008992 1.1601
2457127.9138596 -0.48156 0.00365 0.0008992 1.1583
2457127.9146160 -0.47897 0.00379 0.0008993 1.1566
2457127.9153725 -0.48832 0.00387 0.0008993 1.1549
2457127.9161291 -0.48440 0.00384 0.0008993 1.1532
2457127.9168859 -0.48601 0.00398 0.0008994 1.1516
2457127.9176423 -0.48477 0.00383 0.0008994 1.1499
2457127.9183988 -0.49285 0.00349 0.0008995 1.1483
2457127.9191556 -0.48566 0.00376 0.0008995 1.1466
2457127.9199121 -0.48993 0.00379 0.0008995 1.1450
2457127.9206687 -0.48048 0.00388 0.0008996 1.1434
2457127.9214253 -0.48993 0.00378 0.0008996 1.1419
2457127.9229384 -0.48631 0.00401 0.0008997 1.1388
2457127.9236950 -0.47914 0.00378 0.0008997 1.1372
2457127.9244517 -0.47610 0.00343 0.0008997 1.1357
2457127.9252083 -0.47813 0.00359 0.0008998 1.1342
2457127.9259645 -0.47521 0.00378 0.0008998 1.1327
2457127.9267211 -0.47973 0.00364 0.0008999 1.1313
2457127.9274777 -0.48573 0.00345 0.0008999 1.1298
2457127.9282344 -0.47853 0.00341 0.0008999 1.1284
2457127.9289910 -0.48423 0.00338 0.0009000 1.1270
2457127.9297475 -0.48178 0.00363 0.0009000 1.1255
2457127.9305041 -0.47919 0.00374 0.0009000 1.1242
2457127.9312609 -0.48662 0.00398 0.0009001 1.1228
2457127.9320174 -0.48796 0.00360 0.0009001 1.1214
2457127.9327742 -0.48877 0.00362 0.0009001 1.1201
2457127.9335309 -0.49056 0.00365 0.0009002 1.1187
2457127.9342873 -0.48681 0.00343 0.0009002 1.1174
2457127.9350439 -0.48500 0.00325 0.0009002 1.1161
2457127.9358008 -0.48506 0.00326 0.0009003 1.1148
2457127.9365572 -0.48299 0.00337 0.0009003 1.1136
2457127.9373138 -0.47698 0.00357 0.0009004 1.1123
