JD V-C s1 V-K1 s2 C1-K1 s3 C2-K1 s4 C3-K1 s5
Aperture: 10, JD: geocentric
2457918.3904522 -0.54466 0.00462 -0.86292 0.00750 -0.19744 0.00891 -0.50561 0.00812 -0.22414 0.00888
2457918.3912178 -0.54191 0.00410 -0.85783 0.00705 -0.18861 0.00829 -0.50754 0.00762 -0.22261 0.00821
2457918.3919834 -0.54160 0.00322 -0.87469 0.00527 -0.20555 0.00628 -0.53217 0.00560 -0.23019 0.00615
2457918.3927489 -0.54688 0.00318 -0.85981 0.00523 -0.18664 0.00608 -0.51211 0.00558 -0.20865 0.00609
2457918.3935215 -0.54672 0.00300 -0.87251 0.00512 -0.20616 0.00595 -0.52469 0.00543 -0.21536 0.00594
2457918.3942873 -0.54690 0.00342 -0.86912 0.00563 -0.19354 0.00665 -0.52076 0.00602 -0.22116 0.00656
2457918.3950528 -0.54043 0.00355 -0.87345 0.00612 -0.21369 0.00705 -0.53106 0.00648 -0.22343 0.00702
2457918.3958185 -0.54119 0.00314 -0.86698 0.00529 -0.20226 0.00614 -0.51391 0.00568 -0.23333 0.00609
2457918.3965841 -0.54498 0.00344 -0.86493 0.00569 -0.19474 0.00671 -0.51498 0.00608 -0.22010 0.00665
2457918.3973495 -0.53688 0.00345 -0.85684 0.00574 -0.19144 0.00670 -0.52635 0.00614 -0.20830 0.00671
2457918.3981185 -0.54315 0.00374 -0.85491 0.00612 -0.19097 0.00712 -0.50392 0.00655 -0.21136 0.00705
2457918.3988867 -0.53419 0.00326 -0.84415 0.00535 -0.18626 0.00628 -0.50704 0.00571 -0.20598 0.00621
2457918.3996523 -0.53359 0.00333 -0.83988 0.00545 -0.18469 0.00639 -0.50479 0.00583 -0.19834 0.00630
2457918.4004178 -0.52920 0.00330 -0.85422 0.00545 -0.20490 0.00633 -0.52803 0.00581 -0.20958 0.00635
2457918.4011833 -0.53183 0.00362 -0.85593 0.00604 -0.20041 0.00699 -0.52360 0.00644 -0.21686 0.00698
2457918.4019485 -0.52762 0.00352 -0.84207 0.00567 -0.18872 0.00665 -0.50730 0.00603 -0.21795 0.00658
2457918.4027142 -0.53217 0.00267 -0.84808 0.00433 -0.19223 0.00502 -0.51156 0.00463 -0.21376 0.00503
2457918.4034797 -0.53022 0.00237 -0.85584 0.00385 -0.20407 0.00447 -0.52171 0.00409 -0.22082 0.00446
2457918.4042452 -0.52566 0.00234 -0.85067 0.00376 -0.20022 0.00434 -0.52622 0.00398 -0.21660 0.00433
2457918.4050116 -0.52707 0.00223 -0.85175 0.00361 -0.19891 0.00419 -0.52159 0.00383 -0.22293 0.00415
2457918.4057773 -0.53157 0.00210 -0.85301 0.00329 -0.19917 0.00384 -0.51789 0.00351 -0.21685 0.00383
2457918.4065428 -0.52972 0.00201 -0.85072 0.00321 -0.19513 0.00368 -0.51835 0.00340 -0.21877 0.00368
2457918.4073085 -0.52670 0.00197 -0.85402 0.00310 -0.20379 0.00360 -0.52273 0.00331 -0.22533 0.00359
2457918.4080740 -0.52885 0.00200 -0.85515 0.00324 -0.20662 0.00371 -0.52379 0.00341 -0.21778 0.00370
2457918.4088395 -0.53018 0.00229 -0.86080 0.00366 -0.21043 0.00419 -0.52952 0.00390 -0.22075 0.00425
2457918.4096053 -0.52442 0.00260 -0.85073 0.00420 -0.20458 0.00488 -0.52201 0.00447 -0.22216 0.00481
2457918.4103710 -0.52917 0.00262 -0.85355 0.00419 -0.19484 0.00485 -0.52794 0.00444 -0.21749 0.00480
2457918.4111365 -0.51821 0.00251 -0.84629 0.00409 -0.20403 0.00471 -0.52628 0.00433 -0.22294 0.00473
2457918.4119022 -0.52173 0.00198 -0.85170 0.00314 -0.20438 0.00364 -0.52153 0.00335 -0.23503 0.00357
2457918.4126677 -0.52560 0.00182 -0.85982 0.00290 -0.20454 0.00332 -0.53719 0.00306 -0.22827 0.00332
2457918.4134332 -0.52411 0.00201 -0.86152 0.00328 -0.21024 0.00375 -0.54241 0.00347 -0.22630 0.00373
2457918.4141989 -0.52447 0.00204 -0.84354 0.00325 -0.19765 0.00373 -0.51313 0.00347 -0.21681 0.00372
2457918.4149645 -0.52677 0.00175 -0.85182 0.00274 -0.20747 0.00314 -0.51862 0.00292 -0.21962 0.00314
2457918.4157302 -0.52789 0.00174 -0.85854 0.00275 -0.20460 0.00314 -0.53219 0.00293 -0.22303 0.00316
2457918.4164958 -0.52261 0.00178 -0.84586 0.00282 -0.19625 0.00324 -0.52506 0.00300 -0.21619 0.00324
2457918.4172614 -0.52470 0.00184 -0.85268 0.00295 -0.20059 0.00334 -0.53206 0.00311 -0.21830 0.00337
2457918.4180270 -0.52026 0.00205 -0.85566 0.00329 -0.21505 0.00377 -0.53428 0.00348 -0.22568 0.00376
2457918.4187925 -0.52316 0.00207 -0.84415 0.00330 -0.19541 0.00377 -0.51791 0.00346 -0.21903 0.00377
2457918.4195581 -0.53001 0.00181 -0.85894 0.00293 -0.21064 0.00336 -0.52500 0.00312 -0.22093 0.00334
2457918.4203237 -0.52594 0.00182 -0.84944 0.00289 -0.20334 0.00329 -0.51587 0.00305 -0.22222 0.00330
2457918.4210891 -0.52850 0.00170 -0.86250 0.00270 -0.20492 0.00308 -0.53277 0.00284 -0.23303 0.00306
2457918.4218546 -0.52668 0.00167 -0.85296 0.00262 -0.19831 0.00299 -0.52376 0.00278 -0.22592 0.00298
2457918.4226201 -0.51916 0.00173 -0.84601 0.00272 -0.20086 0.00311 -0.52898 0.00288 -0.21841 0.00313
2457918.4233856 -0.52494 0.00170 -0.84834 0.00268 -0.19276 0.00308 -0.52362 0.00284 -0.22203 0.00308
2457918.4241512 -0.52477 0.00165 -0.84797 0.00260 -0.19710 0.00299 -0.52024 0.00275 -0.22158 0.00297
2457918.4249165 -0.52291 0.00164 -0.85173 0.00257 -0.20205 0.00295 -0.52820 0.00272 -0.22480 0.00295
2457918.4256820 -0.52511 0.00163 -0.85375 0.00255 -0.20138 0.00290 -0.53002 0.00269 -0.22242 0.00292
2457918.4264473 -0.52419 0.00163 -0.84923 0.00257 -0.20194 0.00291 -0.52374 0.00272 -0.21829 0.00294
2457918.4272128 -0.52578 0.00163 -0.85530 0.00258 -0.20731 0.00293 -0.52791 0.00273 -0.22231 0.00294
2457918.4279784 -0.52475 0.00164 -0.85347 0.00260 -0.20693 0.00296 -0.52634 0.00274 -0.22213 0.00296
2457918.4287441 -0.52564 0.00162 -0.85185 0.00260 -0.20176 0.00296 -0.52531 0.00275 -0.22027 0.00293
2457918.4295096 -0.52528 0.00164 -0.85234 0.00257 -0.20438 0.00294 -0.52735 0.00272 -0.21780 0.00297
2457918.4302751 -0.52277 0.00182 -0.85344 0.00290 -0.21186 0.00333 -0.52692 0.00307 -0.22294 0.00333
2457918.4310406 -0.52611 0.00180 -0.85172 0.00286 -0.20526 0.00327 -0.52108 0.00304 -0.22042 0.00327
2457918.4318061 -0.52309 0.00184 -0.85356 0.00295 -0.20586 0.00337 -0.52712 0.00314 -0.22793 0.00336
2457918.4325719 -0.52524 0.00185 -0.84805 0.00292 -0.20003 0.00335 -0.51775 0.00308 -0.22071 0.00335
2457918.4333374 -0.52542 0.00179 -0.84539 0.00289 -0.19449 0.00332 -0.52031 0.00307 -0.21339 0.00331
2457918.4341029 -0.52128 0.00179 -0.85357 0.00287 -0.21009 0.00325 -0.53038 0.00302 -0.22545 0.00326
2457918.4348684 -0.52460 0.00180 -0.85221 0.00287 -0.19921 0.00329 -0.52595 0.00305 -0.22652 0.00329
2457918.4356339 -0.52612 0.00192 -0.85267 0.00313 -0.20359 0.00357 -0.52229 0.00332 -0.22359 0.00358
2457918.4363998 -0.52610 0.00207 -0.85130 0.00332 -0.20213 0.00384 -0.52307 0.00353 -0.21953 0.00386
2457918.4371654 -0.52089 0.00202 -0.85135 0.00326 -0.20541 0.00376 -0.52732 0.00348 -0.22806 0.00372
2457918.4379310 -0.52099 0.00195 -0.85305 0.00322 -0.20671 0.00372 -0.53015 0.00342 -0.22835 0.00369
2457918.4386965 -0.51982 0.00181 -0.85171 0.00292 -0.20352 0.00335 -0.52942 0.00309 -0.23186 0.00334
2457918.4394620 -0.52156 0.00177 -0.84989 0.00277 -0.20627 0.00321 -0.52526 0.00295 -0.22290 0.00318
2457918.4402276 -0.52226 0.00174 -0.85784 0.00279 -0.21460 0.00319 -0.53423 0.00294 -0.22680 0.00317
2457918.4409931 -0.52258 0.00172 -0.85254 0.00277 -0.20576 0.00318 -0.52979 0.00291 -0.22280 0.00320
2457918.4417589 -0.52222 0.00169 -0.85671 0.00274 -0.21220 0.00314 -0.53567 0.00290 -0.22364 0.00313
2457918.4425243 -0.52273 0.00170 -0.85590 0.00276 -0.20899 0.00315 -0.53164 0.00292 -0.22780 0.00314
2457918.4432906 -0.51676 0.00170 -0.84791 0.00274 -0.20988 0.00314 -0.52754 0.00289 -0.22567 0.00313
2457918.4440570 -0.52414 0.00169 -0.84721 0.00269 -0.20034 0.00307 -0.52062 0.00287 -0.21746 0.00309
2457918.4448226 -0.52322 0.00169 -0.85089 0.00272 -0.20581 0.00311 -0.52605 0.00288 -0.22011 0.00312
2457918.4455881 -0.52237 0.00170 -0.84989 0.00270 -0.20182 0.00310 -0.52710 0.00286 -0.22214 0.00309
2457918.4463537 -0.52804 0.00171 -0.85032 0.00274 -0.19920 0.00315 -0.52191 0.00290 -0.21428 0.00312
2457918.4471194 -0.53003 0.00172 -0.85484 0.00276 -0.20237 0.00317 -0.52121 0.00295 -0.22047 0.00320
2457918.4478849 -0.52284 0.00174 -0.84744 0.00280 -0.19830 0.00319 -0.52221 0.00298 -0.22243 0.00322
2457918.4486503 -0.51991 0.00174 -0.85474 0.00285 -0.21145 0.00323 -0.53300 0.00301 -0.22905 0.00325
2457918.4494157 -0.52324 0.00175 -0.85051 0.00282 -0.20307 0.00324 -0.52911 0.00300 -0.21742 0.00323
2457918.4501813 -0.52730 0.00177 -0.86098 0.00286 -0.21383 0.00328 -0.53152 0.00302 -0.22487 0.00331
2457918.4509466 -0.52525 0.00175 -0.86034 0.00285 -0.21043 0.00327 -0.53815 0.00303 -0.22408 0.00327
2457918.4517121 -0.52129 0.00176 -0.85455 0.00280 -0.20987 0.00319 -0.53449 0.00300 -0.22344 0.00325
2457918.4524776 -0.52172 0.00173 -0.85446 0.00280 -0.21028 0.00319 -0.53163 0.00296 -0.22511 0.00320
2457918.4532429 -0.52083 0.00172 -0.84798 0.00273 -0.20192 0.00315 -0.52615 0.00289 -0.22207 0.00315
2457918.4540091 -0.52267 0.00171 -0.84833 0.00276 -0.20360 0.00318 -0.52129 0.00294 -0.22197 0.00318
2457918.4547755 -0.52579 0.00173 -0.85455 0.00278 -0.20558 0.00321 -0.52876 0.00296 -0.22036 0.00321
2457918.4555415 -0.52583 0.00172 -0.85298 0.00280 -0.20252 0.00319 -0.52645 0.00296 -0.22111 0.00320
2457918.4563070 -0.52553 0.00170 -0.85555 0.00272 -0.20412 0.00316 -0.52955 0.00290 -0.22492 0.00312
2457918.4570723 -0.52228 0.00169 -0.85214 0.00269 -0.20883 0.00308 -0.52940 0.00286 -0.21993 0.00311
2457918.4578378 -0.52441 0.00169 -0.85353 0.00275 -0.20677 0.00315 -0.52919 0.00291 -0.21981 0.00317
2457918.4586032 -0.52276 0.00171 -0.85259 0.00278 -0.20479 0.00319 -0.53111 0.00296 -0.22157 0.00320
2457918.4593685 -0.52283 0.00175 -0.84988 0.00283 -0.20390 0.00325 -0.52563 0.00301 -0.22054 0.00325
2457918.4601349 -0.52691 0.00176 -0.85659 0.00282 -0.20774 0.00327 -0.52612 0.00301 -0.22477 0.00325
2457918.4609005 -0.52382 0.00179 -0.84845 0.00291 -0.19703 0.00335 -0.52349 0.00308 -0.22207 0.00333
2457918.4616658 -0.52148 0.00179 -0.85173 0.00292 -0.20569 0.00335 -0.52661 0.00309 -0.22804 0.00335
2457918.4624319 -0.52518 0.00179 -0.85647 0.00297 -0.20739 0.00339 -0.52962 0.00315 -0.22581 0.00343
2457918.4631974 -0.52385 0.00175 -0.85484 0.00278 -0.20664 0.00323 -0.53135 0.00296 -0.22326 0.00321
2457918.4639637 -0.51987 0.00173 -0.85479 0.00288 -0.21049 0.00328 -0.53439 0.00303 -0.22848 0.00328
2457918.4652105 -0.52381 0.00170 -0.84845 0.00274 -0.20055 0.00317 -0.52482 0.00290 -0.21690 0.00315
2457918.4659758 -0.52509 0.00169 -0.84973 0.00273 -0.20161 0.00313 -0.52518 0.00289 -0.21540 0.00312
2457918.4667414 -0.52230 0.00169 -0.85096 0.00269 -0.20014 0.00309 -0.53257 0.00288 -0.22031 0.00309
2457918.4675071 -0.52832 0.00167 -0.85299 0.00269 -0.19833 0.00312 -0.52409 0.00287 -0.22016 0.00308
2457918.4682726 -0.52085 0.00170 -0.85209 0.00274 -0.20695 0.00313 -0.53374 0.00289 -0.22062 0.00315
2457918.4690382 -0.52604 0.00171 -0.84905 0.00275 -0.19951 0.00319 -0.52035 0.00293 -0.21846 0.00316
2457918.4698039 -0.52754 0.00174 -0.85573 0.00282 -0.20094 0.00323 -0.52717 0.00299 -0.22514 0.00323
2457918.4705694 -0.52454 0.00174 -0.85025 0.00280 -0.20070 0.00324 -0.52706 0.00297 -0.21732 0.00323
2457918.4713349 -0.52437 0.00179 -0.84931 0.00285 -0.20073 0.00326 -0.52396 0.00302 -0.21886 0.00329
2457918.4721006 -0.52025 0.00169 -0.84930 0.00274 -0.20531 0.00316 -0.53030 0.00291 -0.21957 0.00315
2457918.4728662 -0.52471 0.00168 -0.85462 0.00271 -0.20039 0.00311 -0.53295 0.00287 -0.22370 0.00309
2457918.4736357 -0.52682 0.00167 -0.85487 0.00272 -0.20331 0.00312 -0.52658 0.00289 -0.22313 0.00309
2457918.4744015 -0.52419 0.00167 -0.85124 0.00271 -0.20225 0.00311 -0.52784 0.00289 -0.21919 0.00310
2457918.4751678 -0.52807 0.00170 -0.85459 0.00275 -0.20110 0.00313 -0.52487 0.00290 -0.22252 0.00311
2457918.4759334 -0.52879 0.00168 -0.86023 0.00274 -0.20648 0.00314 -0.52950 0.00289 -0.22736 0.00315
2457918.4766994 -0.52964 0.00167 -0.85634 0.00274 -0.20117 0.00314 -0.52632 0.00289 -0.22114 0.00316
2457918.4774650 -0.52870 0.00170 -0.85398 0.00277 -0.20196 0.00318 -0.52430 0.00294 -0.21833 0.00319
2457918.4782305 -0.53379 0.00173 -0.85629 0.00281 -0.20147 0.00322 -0.52112 0.00297 -0.21380 0.00326
2457918.4789962 -0.53425 0.00173 -0.86954 0.00286 -0.20949 0.00330 -0.53805 0.00304 -0.22582 0.00331
2457918.4797617 -0.53459 0.00172 -0.85969 0.00279 -0.20057 0.00322 -0.52644 0.00297 -0.21629 0.00321
2457918.4805271 -0.53450 0.00171 -0.86523 0.00283 -0.20550 0.00324 -0.53031 0.00301 -0.22488 0.00322
2457918.4812926 -0.53246 0.00172 -0.85768 0.00276 -0.20142 0.00319 -0.52553 0.00293 -0.21703 0.00317
2457918.4820580 -0.53511 0.00169 -0.86800 0.00280 -0.21254 0.00320 -0.52954 0.00299 -0.22616 0.00321
2457918.4828238 -0.53715 0.00168 -0.86576 0.00280 -0.21019 0.00321 -0.52882 0.00298 -0.21522 0.00322
2457918.4835892 -0.53894 0.00171 99.99999 9.99999 99.99999 9.99999 99.99999 9.99999 99.99999 9.99999
2457918.4843548 -0.53913 0.00168 -0.86335 0.00276 -0.20139 0.00318 -0.52499 0.00293 -0.21445 0.00317
2457918.4851202 -0.53909 0.00170 -0.86604 0.00275 -0.20443 0.00312 -0.52676 0.00292 -0.21817 0.00315
2457918.4858856 -0.53749 0.00169 -0.86455 0.00271 -0.20408 0.00311 -0.52524 0.00288 -0.22088 0.00316
2457918.4866519 -0.54048 0.00168 -0.86823 0.00271 -0.20573 0.00311 -0.52834 0.00289 -0.21743 0.00316
2457918.4874174 -0.54306 0.00169 -0.86612 0.00277 -0.20017 0.00317 -0.52337 0.00295 -0.21397 0.00322
2457918.4881829 -0.54256 0.00173 -0.86825 0.00276 -0.20286 0.00320 -0.52448 0.00294 -0.21856 0.00319
2457918.4889486 -0.53981 0.00176 -0.86788 0.00285 -0.20606 0.00325 -0.52687 0.00303 -0.22012 0.00328
2457918.4897145 -0.53497 0.00186 -0.86629 0.00292 -0.20900 0.00336 -0.53126 0.00309 -0.22217 0.00336
2457918.4904802 -0.53959 0.00171 -0.86422 0.00277 -0.20198 0.00324 -0.52485 0.00296 -0.21542 0.00320
2457918.4912458 -0.53947 0.00179 -0.86945 0.00289 -0.20854 0.00335 -0.52659 0.00308 -0.22436 0.00330
2457918.4920156 -0.53704 0.00172 -0.86459 0.00278 -0.20126 0.00319 -0.52795 0.00296 -0.22170 0.00320
2457918.4927812 -0.53907 0.00172 -0.85914 0.00271 -0.19433 0.00315 -0.52005 0.00290 -0.21424 0.00314
2457918.4935470 -0.53308 0.00171 -0.85892 0.00279 -0.20124 0.00317 -0.52587 0.00296 -0.21880 0.00320
2457918.4943124 -0.53884 0.00170 -0.86300 0.00275 -0.20228 0.00316 -0.52337 0.00293 -0.21554 0.00319
2457918.4950782 -0.53777 0.00168 -0.86174 0.00270 -0.19967 0.00312 -0.52504 0.00288 -0.21526 0.00315
2457918.4958437 -0.53356 0.00181 -0.86065 0.00290 -0.20330 0.00335 -0.52790 0.00307 -0.21823 0.00331
2457918.4966092 -0.53130 0.00168 -0.86166 0.00279 -0.21381 0.00317 -0.52732 0.00296 -0.21944 0.00319
2457918.4973747 -0.53818 0.00184 -0.85997 0.00290 -0.19550 0.00337 -0.52122 0.00310 -0.21722 0.00337
2457918.4981401 -0.53739 0.00167 -0.86434 0.00274 -0.20250 0.00313 -0.52877 0.00292 -0.21737 0.00318
2457918.4989056 -0.53208 0.00169 -0.86371 0.00274 -0.20890 0.00315 -0.53119 0.00290 -0.22339 0.00316
2457918.4996720 -0.53545 0.00165 -0.86757 0.00268 -0.21064 0.00308 -0.53339 0.00285 -0.22033 0.00308
2457918.5004375 -0.53491 0.00165 -0.86215 0.00266 -0.20392 0.00305 -0.52942 0.00282 -0.21608 0.00307
2457918.5012033 -0.53732 0.00166 -0.86761 0.00267 -0.20549 0.00306 -0.53230 0.00283 -0.22083 0.00305
2457918.5019688 -0.53595 0.00167 -0.86265 0.00268 -0.20609 0.00308 -0.52648 0.00284 -0.21605 0.00309
2457918.5027342 -0.53970 0.00164 -0.86771 0.00267 -0.20502 0.00307 -0.52518 0.00284 -0.22319 0.00306
2457918.5034996 -0.53680 0.00163 -0.86095 0.00266 -0.19998 0.00308 -0.52336 0.00282 -0.21776 0.00303
2457918.5042651 -0.53488 0.00163 -0.86111 0.00267 -0.20162 0.00306 -0.52783 0.00284 -0.21712 0.00306
2457918.5050306 -0.53825 0.00163 -0.86077 0.00261 -0.19925 0.00303 -0.52246 0.00279 -0.21428 0.00302
2457918.5057961 -0.53416 0.00162 -0.86315 0.00263 -0.20412 0.00304 -0.53064 0.00280 -0.22006 0.00306
2457918.5065616 -0.53830 0.00163 -0.86749 0.00265 -0.20955 0.00306 -0.52731 0.00282 -0.21978 0.00302
2457918.5073271 -0.53645 0.00164 -0.86238 0.00260 -0.20599 0.00302 -0.52241 0.00277 -0.21899 0.00300
2457918.5080927 -0.54191 0.00164 -0.86695 0.00268 -0.20001 0.00308 -0.52428 0.00285 -0.21947 0.00306
2457918.5088584 -0.53637 0.00165 -0.86176 0.00267 -0.20205 0.00308 -0.52542 0.00285 -0.21714 0.00308
2457918.5096238 -0.54006 0.00165 -0.86831 0.00269 -0.20660 0.00310 -0.52558 0.00286 -0.22186 0.00307
2457918.5103894 -0.53467 0.00165 -0.86218 0.00265 -0.20598 0.00306 -0.52600 0.00282 -0.21949 0.00308
2457918.5111547 -0.53473 0.00166 -0.86378 0.00270 -0.20787 0.00311 -0.52894 0.00286 -0.21882 0.00308
2457918.5119205 -0.53627 0.00166 -0.86091 0.00269 -0.20034 0.00310 -0.52329 0.00286 -0.21915 0.00310
