JD V-C s1 AIRMASS ALTITUDE
Aperture: 6, Filter: IR-UV, JD: geocentric
2458526.3220370 1.67332 0.00286 1.5696 39.49
2458526.3234954 1.67272 0.00296 1.5643 39.65
2458526.3249421 1.67566 0.00295 1.5592 39.81
2458526.3264005 1.67347 0.00284 1.5542 39.96
2458526.3293056 1.67144 0.00290 1.5447 40.26
2458526.3307870 1.67220 0.00275 1.5402 40.40
2458526.3322338 1.67033 0.00281 1.5359 40.54
2458526.3336921 1.67045 0.00277 1.5317 40.68
2458526.3351389 1.67357 0.00285 1.5277 40.80
2458526.3365972 1.67207 0.00286 1.5239 40.93
2458526.3380440 1.67741 0.00277 1.5202 41.05
2458526.3395023 1.67481 0.00282 1.5166 41.17
2458526.3409491 99.99999 9.99999 1.5132 41.28
2458526.3424074 1.67368 0.00267 1.5100 41.39
2458526.3438542 1.66909 0.00278 1.5069 41.49
2458526.3453472 1.68023 0.00284 1.5039 41.60
2458526.3468403 1.67257 0.00279 1.5010 41.70
2458526.3482870 1.68001 0.00273 1.4983 41.79
2458526.3497454 1.67830 0.00276 1.4958 41.87
2458526.3512269 1.67429 0.00283 1.4934 41.96
2458526.3526736 1.67227 0.00292 1.4912 42.03
2458526.3541319 1.68329 0.00279 1.4890 42.11
2458526.3555787 1.67658 0.00280 1.4871 42.18
2458526.3570370 1.68765 0.00281 1.4853 42.24
2458526.3584838 1.68112 0.00276 1.4836 42.30
2458526.3599769 1.67097 0.00277 1.4820 42.36
2458526.3614236 1.68396 0.00271 1.4806 42.41
2458526.3628819 1.68336 0.00274 1.4793 42.45
2458526.3643403 1.68344 0.00276 1.4781 42.49
2458526.3657870 1.68873 0.00270 1.4771 42.53
2458526.3672454 1.69648 0.00290 1.4762 42.56
2458526.3686921 1.69850 0.00281 1.4754 42.59
2458526.3701505 1.69858 0.00279 1.4748 42.61
2458526.3716204 1.69400 0.00270 1.4743 42.63
2458526.3731134 1.69305 0.00282 1.4739 42.64
2458526.3746065 1.70006 0.00282 1.4737 42.65
2458526.3760995 1.69136 0.00273 1.4736 42.66
2458526.3775810 1.69668 0.00269 1.4736 42.66
2458526.3790741 1.70281 0.00272 1.4738 42.65
2458526.3805324 1.69900 0.00277 1.4741 42.64
2458526.3819792 1.69566 0.00274 1.4745 42.62
2458526.3834375 1.69958 0.00281 1.4750 42.60
2458526.3848843 1.69242 0.00268 1.4757 42.58
2458526.3863426 1.69791 0.00269 1.4766 42.55
2458526.3877894 1.69710 0.00275 1.4775 42.52
2458526.3892477 1.70249 0.00276 1.4786 42.48
2458526.3906944 1.70094 0.00275 1.4798 42.43
2458526.3921528 1.69524 0.00274 1.4811 42.39
2458526.3935995 1.69794 0.00288 1.4826 42.33
2458526.3950579 1.70036 0.00274 1.4842 42.28
2458526.3965278 1.70026 0.00275 1.4860 42.22
2458526.3979861 1.69945 0.00274 1.4879 42.15
2458526.3994329 1.69653 0.00273 1.4899 42.08
2458526.4023843 1.70043 0.00274 1.4944 41.92
2458526.4038773 1.69584 0.00271 1.4969 41.83
2458526.4053241 1.69635 0.00275 1.4995 41.75
2458526.4068171 1.69689 0.00279 1.5023 41.65
2458526.4083102 1.70089 0.00276 1.5053 41.55
2458526.4097917 1.69977 0.00274 1.5083 41.45
2458526.4112500 1.69794 0.00271 1.5115 41.34
2458526.4126968 1.69817 0.00281 1.5148 41.23
2458526.4141551 1.69850 0.00278 1.5183 41.11
2458526.4156134 1.69656 0.00281 1.5219 40.99
2458526.4170602 1.69988 0.00270 1.5257 40.87
2458526.4185532 1.70241 0.00274 1.5297 40.74
2458526.4200463 1.69900 0.00282 1.5339 40.60
2458526.4215625 1.69875 0.00271 1.5383 40.46
2458526.4230093 1.70242 0.00281 1.5427 40.32
2458526.4244676 1.70022 0.00284 1.5473 40.18
2458526.4259144 1.70143 0.00292 1.5520 40.03
2458526.4273727 1.69420 0.00280 1.5569 39.88
2458526.4288194 1.69613 0.00287 1.5620 39.72
2458526.4302778 1.69656 0.00284 1.5672 39.56
2458526.4317245 1.69703 0.00341 1.5726 39.40
2458526.4331829 1.69895 0.00412 1.5782 39.23
2458526.4346296 1.69732 0.00335 1.5840 39.06
2458526.4360880 1.69800 0.00616 1.5900 38.88
2458526.4375347 1.68523 0.00347 1.5961 38.71
2458526.4390278 1.69189 0.00406 1.6026 38.52
2458526.4404745 1.69244 0.00295 1.6091 38.33
2458526.4419329 1.68987 0.00443 1.6159 38.14
2458526.4433796 1.68607 0.00464 1.6228 37.95
2458526.4448380 1.70486 0.00806 1.6299 37.76
2458526.4462847 1.71519 0.00886 1.6372 37.56
2458526.4477431 1.70199 0.00842 1.6448 37.35
2458526.4491898 1.70607 0.00979 1.6525 37.15
2458526.4520949 1.69952 0.01226 1.6688 36.72
2458526.4550116 99.99999 9.99999 1.6859 36.29
2458526.4564583 1.69349 0.01304 1.6948 36.06
2458526.4579167 1.66295 0.00842 1.7040 35.84
2458526.4593634 1.68369 0.01176 1.7134 35.61
2458526.4608218 1.66976 0.00906 1.7231 35.38
2458526.4622685 1.68258 0.01060 1.7330 35.14
2458526.4637269 1.66709 0.00285 1.7433 34.91
2458526.4651736 1.67640 0.00281 1.7538 34.67
2458526.4666319 1.67564 0.00269 1.7646 34.42
2458526.4680787 1.67050 0.00275 1.7756 34.18
2458526.4695370 1.67409 0.00275 1.7870 33.93
2458526.4710185 1.66809 0.00268 1.7989 33.67
2458526.4724653 1.66947 0.00266 1.8109 33.42
2458526.4739236 1.66949 0.00258 1.8232 33.16
2458526.4753704 1.67005 0.00272 1.8358 32.90
2458526.4768287 1.67319 0.00267 1.8489 32.64
