2457988.3832149	-0.30389	0.00243
2457988.3833787	-0.30767	0.00241
2457988.383527	-0.30071	0.00242
2457988.3836716	-0.30933	0.00237
2457988.3838068	-0.29375	0.00241
2457988.3840168	-0.30362	0.00247
2457988.3841459	-0.30165	0.00238
2457988.3842752	-0.30431	0.00239
2457988.3844068	-0.30226	0.00243
2457988.3845539	-0.29779	0.0025
2457988.3846984	-0.29876	0.00244
2457988.3848537	-0.29835	0.00249
2457988.3849975	-0.30313	0.00238
2457988.3851267	-0.3041	0.00246
2457988.3852786	-0.29954	0.00242
2457988.3854125	-0.30784	0.00243
2457988.3855691	-0.30097	0.00242
2457988.3856993	-0.29859	0.00241
2457988.3858347	-0.3084	0.00238
2457988.3859686	-0.30423	0.00248
2457988.3860976	-0.28889	0.00241
2457988.3863079	-0.30064	0.00243
2457988.3864581	-0.29831	0.00245
2457988.3865851	-0.29958	0.00242
2457988.3867551	-0.28926	0.00246
2457988.3868888	-0.30065	0.00241
2457988.3870181	-0.29813	0.00239
2457988.3871477	-0.29911	0.00248
2457988.3872964	-0.29597	0.00243
2457988.3874304	-0.30004	0.00243
2457988.3875929	-0.294	0.00239
2457988.3877269	-0.29383	0.00246
2457988.3878598	-0.29127	0.00243
2457988.3879898	-0.29874	0.00248
2457988.3881179	-0.29547	0.00246
2457988.3882476	-0.29603	0.00248
2457988.3883814	-0.29948	0.00239
2457988.3885821	-0.29807	0.00246
2457988.3888568	-0.30982	0.0024
2457988.3890675	-0.3068	0.00242
2457988.3892012	-0.30554	0.00241
2457988.3893296	-0.30542	0.00243
2457988.3895148	-0.30813	0.00242
2457988.3896668	-0.3038	0.00242
2457988.3898123	-0.30273	0.0024
2457988.3899579	-0.29451	0.00241
2457988.3900921	-0.28912	0.00239
2457988.3902207	-0.30299	0.0024
2457988.3903535	-0.29771	0.00242
2457988.3904975	-0.31468	0.00239
2457988.3906306	-0.29128	0.00244
2457988.390765	-0.30348	0.00238
2457988.3909444	-0.30973	0.00237
2457988.3910738	-0.29403	0.00246
2457988.3912082	-0.30871	0.00241
2457988.3913369	-0.29104	0.00242
2457988.3914698	-0.29437	0.00246
2457988.3916035	-0.30775	0.0024
2457988.3917368	-0.29176	0.00242
2457988.3918801	-0.30375	0.00242
2457988.3920237	-0.2995	0.00239
2457988.3921584	-0.30195	0.00245
2457988.3923193	-0.29387	0.00244
2457988.3924551	-0.30603	0.00242
2457988.3925828	-0.29432	0.00243
2457988.3927656	-0.29455	0.00249
2457988.3929213	-0.30865	0.0025
2457988.3930561	-0.30055	0.0025
2457988.3931896	-0.30393	0.00248
2457988.3933237	-0.29312	0.00247
2457988.3934539	-0.30083	0.0024
2457988.3935884	-0.28631	0.00246
2457988.3937473	-0.29909	0.00247
2457988.3938814	-0.29183	0.00245
2457988.3940324	-0.30602	0.0024
2457988.3941686	-0.28678	0.00247
2457988.3943023	-0.29358	0.0024
2457988.3944273	-0.30926	0.00242
2457988.394651	-0.29269	0.00248
2457988.3947829	-0.30419	0.00248
2457988.3949329	-0.29518	0.00244
2457988.3950782	-0.30911	0.00241
2457988.3952146	-0.30418	0.00239
2457988.3954056	-0.29551	0.00245
2457988.3955391	-0.29666	0.00238
2457988.3956911	-0.31501	0.00238
2457988.3958259	-0.29701	0.0024
2457988.3959524	-0.30215	0.00242
2457988.3961103	-0.30458	0.00241
2457988.396267	-0.30113	0.0024
2457988.396403	-0.30423	0.00243
2457988.3965321	-0.2905	0.00251
2457988.3966671	-0.29519	0.0024
2457988.3968196	-0.29309	0.00241
2457988.3969547	-0.2927	0.00244
2457988.3970833	-0.29735	0.00245
2457988.3972113	-0.29949	0.00242
2457988.3973443	-0.28885	0.0024
2457988.3974794	-0.29356	0.00244
2457988.3976141	-0.28574	0.00244
2457988.3977498	-0.301	0.00245
2457988.3978846	-0.29917	0.00246
2457988.3980365	-0.29576	0.00247
2457988.3981719	-0.30122	0.00239
2457988.398305	-0.30191	0.00248
2457988.3984389	-0.29487	0.00244
2457988.3985753	-0.29639	0.00241
2457988.3987104	-0.29042	0.00249
2457988.3988603	-0.29943	0.0025
2457988.3989959	-0.29971	0.00239
2457988.3991311	-0.29871	0.00238
2457988.3992653	-0.29906	0.00246
2457988.3994616	-0.29583	0.00244
2457988.3995947	-0.30359	0.00242
2457988.3997302	-0.30338	0.00243
2457988.3998648	-0.29778	0.00248
2457988.4000229	-0.304	0.00252
2457988.4001553	-0.28876	0.0024
2457988.4002907	-0.29377	0.00242
2457988.4004256	-0.29906	0.00241
2457988.4005534	-0.30458	0.00243
2457988.4006998	-0.29332	0.00242
2457988.4009014	-0.30755	0.00241
2457988.4010278	-0.30393	0.0024
2457988.4012522	-0.29398	0.00247
2457988.4013863	-0.29499	0.00243
2457988.4015155	-0.30072	0.00246
2457988.4016447	-0.28751	0.00249
2457988.4017778	-0.28824	0.00244
2457988.4019125	-0.29581	0.00246
2457988.4020484	-0.30054	0.00243
2457988.4021844	-0.29365	0.00245
2457988.4023189	-0.29635	0.00243
2457988.4024491	-0.29238	0.00244
2457988.4025968	-0.30003	0.00244
2457988.4027248	-0.29727	0.00245
2457988.40286	-0.29169	0.00245
2457988.4029931	-0.2952	0.00242
2457988.4031346	-0.29212	0.00242
2457988.4032749	-0.29501	0.00242
2457988.40341	-0.30393	0.00243
2457988.4035444	-0.30289	0.00242
2457988.4037561	-0.30089	0.00241
2457988.4038846	-0.29511	0.00248
2457988.4040199	-0.29676	0.00245
2457988.4041766	-0.2943	0.00244
2457988.4043442	-0.29591	0.00249
2457988.4044888	-0.2971	0.00243
2457988.4046725	-0.29231	0.00247
2457988.4048076	-0.30078	0.00242
2457988.4049745	-0.29486	0.00243
2457988.4051066	-0.29014	0.00246
2457988.4052478	-0.30832	0.00241
2457988.4054148	-0.30045	0.0024
2457988.4055501	-0.29878	0.00242
2457988.4056852	-0.31116	0.00239
2457988.4058618	-0.29489	0.00242
2457988.4060492	-0.298	0.00247
2457988.4062185	-0.30602	0.00239
2457988.4063456	-0.29844	0.00244
2457988.4065569	-0.30372	0.00243
2457988.4066924	-0.29376	0.00237
2457988.4068218	-0.30063	0.00243
2457988.4069565	-0.30531	0.00243
2457988.40709	-0.2948	0.00244
2457988.4072193	-0.30265	0.00247
2457988.4073699	-0.29698	0.0025
2457988.4075208	-0.29308	0.0024
2457988.4076656	-0.3017	0.00241
2457988.4078112	-0.29663	0.00242
2457988.407994	-0.30435	0.00239
2457988.4081431	-0.30986	0.00234
2457988.4084687	-0.29602	0.00244
2457988.4086024	-0.3054	0.00239
2457988.4087626	-0.28701	0.0024
2457988.4091519	-0.29458	0.00244
2457988.4095507	-0.29324	0.00241
2457988.4097942	-0.30064	0.00243
2457988.4099289	-0.30792	0.00242
2457988.4100633	-0.30479	0.00242
2457988.4101975	-0.30839	0.00241
2457988.4104313	-0.31001	0.0024
2457988.4106204	-0.29655	0.00246
2457988.4107573	-0.30256	0.00241
2457988.4109058	-0.30173	0.00245
2457988.4110487	-0.29889	0.00246
2457988.4111782	-0.29629	0.00246
2457988.4113089	-0.29238	0.00244
2457988.4114443	-0.29405	0.00242
2457988.411578	-0.29458	0.00242
2457988.4117341	-0.3021	0.00243
2457988.4118685	-0.29541	0.00247
2457988.4120297	-0.2863	0.00241
2457988.4121642	-0.29752	0.00249
2457988.4123071	-0.29912	0.00244
2457988.4125667	-0.3	0.0024
2457988.4127458	-0.28653	0.00239
2457988.4129372	-0.28696	0.00241
2457988.4131177	-0.29332	0.00248
2457988.4132448	-0.29626	0.00247
2457988.4133821	-0.29798	0.00246
2457988.4135803	-0.29311	0.00248
2457988.4137403	-0.29836	0.00242
2457988.4138904	-0.3034	0.00238
2457988.4140263	-0.29091	0.00243
2457988.4141612	-0.29701	0.00246
2457988.4142913	-0.29683	0.00242
2457988.4144266	-0.29767	0.0024
2457988.4146295	-0.30151	0.00243
2457988.4147624	-0.28121	0.00252
2457988.4149056	-0.30584	0.00241
2457988.415099	-0.28782	0.00247
2457988.4152431	-0.30135	0.00246
2457988.4153794	-0.29648	0.00242
2457988.4155405	-0.29496	0.00247
2457988.4156719	-0.29317	0.0025
2457988.4158924	-0.29864	0.00249
2457988.4160664	-0.28817	0.00248
2457988.4161958	-0.2882	0.00244
2457988.4163322	-0.29692	0.00248
2457988.4164734	-0.30264	0.00247
2457988.4166697	-0.29376	0.00245
2457988.4168867	-0.29401	0.00244
2457988.4170221	-0.29093	0.00246
2457988.4171575	-0.28752	0.00246
2457988.4174074	-0.28611	0.00247
2457988.4178089	-0.29002	0.00241
2457988.4182197	-0.28195	0.00248
2457988.4186321	-0.28637	0.00243
2457988.4190183	-0.28598	0.00247
2457988.4194112	-0.29623	0.00244
2457988.4198178	-0.27887	0.00245
2457988.4202125	-0.28204	0.00249
2457988.420633	-0.27196	0.00248
2457988.4210566	-0.27967	0.00247
2457988.4214845	-0.28408	0.00243
2457988.4219083	-0.28531	0.00246
2457988.4223472	-0.27908	0.0025
2457988.4227345	-0.27722	0.00312
2457988.4276581	-0.275463772727273	0.00343
2457988.4277916	-0.286483772727273	0.00342
2457988.4279103	-0.276413772727273	0.00346
2457988.4280302	-0.286023772727273	0.00345
2457988.4281633	-0.284143772727273	0.00343
2457988.4283009	-0.279703772727273	0.00343
2457988.4284187	-0.286503772727273	0.00341
2457988.4285528	-0.284103772727273	0.00347
2457988.4286701	-0.285493772727273	0.00345
2457988.4288259	-0.286873772727273	0.00346
2457988.4289456	-0.286093772727273	0.00351
2457988.4290648	-0.279073772727273	0.00342
2457988.4291841	-0.287433772727273	0.00346
2457988.4293082	-0.283563772727273	0.00343
2457988.4294273	-0.275463772727273	0.00345
2457988.4295459	-0.289073772727273	0.0035
2457988.4296649	-0.277903772727273	0.00346
2457988.4297848	-0.277353772727273	0.00349
2457988.4299406	-0.275953772727273	0.00347
2457988.4300582	-0.285623772727273	0.00337
2457988.4301969	-0.285643772727273	0.00346
2457988.4303162	-0.275343772727273	0.00338
2457988.4304352	-0.284063772727273	0.00344
2457988.4305535	-0.287403772727273	0.00345
2457988.4306747	-0.278453772727273	0.00342
2457988.4308102	-0.276733772727273	0.0035
2457988.4309275	-0.280453772727273	0.00345
2457988.4310464	-0.279553772727273	0.00352
2457988.4311648	-0.291763772727273	0.00341
2457988.4312834	-0.262193772727273	0.00343
2457988.4314024	-0.288593772727273	0.0034
2457988.4315209	-0.276323772727273	0.00342
2457988.4316774	-0.271293772727273	0.00346
2457988.4317961	-0.273803772727273	0.00343
2457988.4319329	-0.276343772727273	0.00338
2457988.4320499	-0.275043772727273	0.00347
2457988.4321689	-0.280163772727273	0.00345
2457988.432289	-0.275193772727273	0.00337
2457988.4324212	-0.274313772727273	0.00344
2457988.4325589	-0.287223772727273	0.00343
2457988.4326778	-0.282943772727273	0.00343
2457988.4327968	-0.268163772727273	0.00348
2457988.4329142	-0.280493772727273	0.00339
2457988.4330343	-0.272333772727273	0.00345
2457988.4331519	-0.273303772727273	0.00346
2457988.4332705	-0.274823772727273	0.00341
2457988.4333898	-0.279743772727273	0.00342
2457988.4335088	-0.285933772727273	0.00347
2457988.4336274	-0.274893772727273	0.0035
2457988.4337471	-0.277693772727273	0.00352
2457988.4338795	-0.270023772727273	0.00342
2457988.4339979	-0.283443772727273	0.00344
2457988.4341169	-0.269563772727273	0.00353
2457988.4342539	-0.280393772727273	0.00343
2457988.4343728	-0.273873772727273	0.0035
2457988.4344931	-0.268603772727273	0.00352
2457988.4346115	-0.291983772727273	0.00349
2457988.4347292	-0.281073772727273	0.00344
2457988.4348619	-0.291283772727273	0.00343
2457988.4349816	-0.273403772727273	0.00339
2457988.4350997	-0.274633772727273	0.00349
2457988.4352183	-0.278173772727273	0.00349
2457988.4353378	-0.273313772727273	0.00358
2457988.4354556	-0.280173772727273	0.00354
2457988.4355744	-0.277053772727273	0.0035
2457988.4356925	-0.274233772727273	0.00346
2457988.4358122	-0.272653772727273	0.00344
2457988.4359307	-0.282563772727273	0.00339
2457988.43605	-0.262763772727273	0.00349
2457988.4361829	-0.283023772727273	0.00344
2457988.4363205	-0.289333772727273	0.00345
2457988.4364392	-0.276613772727273	0.00345
2457988.4365582	-0.263763772727273	0.00357
2457988.4366919	-0.267553772727273	0.00347
2457988.4368126	-0.280343772727273	0.00347
2457988.4369307	-0.285723772727273	0.00353
2457988.4370644	-0.279193772727273	0.00347
2457988.437183	-0.284543772727273	0.00346
2457988.4373027	-0.283893772727273	0.00349
2457988.4374211	-0.272543772727273	0.00347
2457988.4375547	-0.283083772727273	0.00346
2457988.4376747	-0.278583772727273	0.00343
2457988.4377947	-0.268293772727273	0.00348
2457988.4379281	-0.279123772727273	0.0035
2457988.4380462	-0.283133772727273	0.00343
2457988.4381652	-0.275643772727273	0.00348
2457988.438285	-0.274563772727273	0.00348
2457988.4384182	-0.276923772727273	0.00351
2457988.4385372	-0.283443772727273	0.00349
2457988.4386556	-0.275673772727273	0.00349
2457988.4387742	-0.276453772727273	0.00349
2457988.4389113	-0.267503772727273	0.00354
2457988.4390306	-0.267743772727273	0.00359
2457988.439241	-0.283223772727273	0.00352
2457988.4393578	-0.274353772727273	0.00356
2457988.4394769	-0.278643772727273	0.00344
2457988.4396098	-0.266473772727273	0.00356
2457988.4397466	-0.283113772727273	0.00345
2457988.4398646	-0.272503772727273	0.00349
2457988.4399977	-0.276413772727273	0.00352
2457988.440137	-0.267323772727273	0.00352
2457988.4402566	-0.271713772727273	0.00353
2457988.4403743	-0.282623772727273	0.00349
2457988.4404926	-0.276443772727273	0.00353
2457988.4406322	-0.281623772727273	0.00348
2457988.4407675	-0.279903772727273	0.00352
2457988.4409782	-0.277893772727273	0.00359
2457988.4410981	-0.282643772727273	0.00349
2457988.4412172	-0.283453772727273	0.00352
2457988.4413366	-0.271273772727273	0.00358
2457988.4414549	-0.282033772727273	0.0035
2457988.4415891	-0.277823772727273	0.00346
2457988.4417073	-0.276373772727273	0.00353
2457988.4418278	-0.278243772727273	0.00347
2457988.4419465	-0.272203772727273	0.00355
2457988.4420838	-0.272703772727273	0.00354
2457988.4422019	-0.271833772727273	0.0035
2457988.4423199	-0.261473772727273	0.00357
2457988.4424385	-0.280433772727273	0.00352
2457988.4425581	-0.270913772727273	0.00359
2457988.4426771	-0.278443772727273	0.00347
2457988.4427951	-0.279663772727273	0.00353
2457988.4429137	-0.267953772727273	0.00354
2457988.4430483	-0.274633772727273	0.00352
2457988.4431675	-0.274973772727273	0.00354
2457988.4432874	-0.263073772727273	0.00352
2457988.4434064	-0.270943772727273	0.00356
2457988.443527	-0.270563772727273	0.00353
2457988.4436608	-0.266613772727273	0.0036
2457988.4437801	-0.258743772727273	0.00351
2457988.4439384	-0.268493772727273	0.00357
2457988.4440565	-0.267383772727273	0.00362
2457988.4441748	-0.270433772727273	0.00353
2457988.4443065	-0.280043772727273	0.0035
2457988.4444256	-0.277933772727273	0.00354
2457988.4445435	-0.280813772727273	0.00355
2457988.4446616	-0.284783772727273	0.00349
2457988.4447811	-0.283913772727273	0.00354
2457988.4448995	-0.278683772727273	0.00356
2457988.4450185	-0.288293772727273	0.00363
2457988.44514	-0.282613772727273	0.00356
2457988.4452917	-0.286533772727273	0.00355
2457988.4454115	-0.267703772727273	0.00355
2457988.4455301	-0.273603772727273	0.00348
2457988.4456492	-0.280473772727273	0.00354
2457988.4457677	-0.267273772727273	0.00354
2457988.4459003	-0.266073772727273	0.00348
2457988.4460205	-0.275523772727273	0.00349
2457988.4461569	-0.262863772727273	0.00349
2457988.446316	-0.283133772727273	0.00346
2457988.4464355	-0.273553772727273	0.00352
2457988.4466097	-0.270553772727273	0.00351
2457988.4467441	-0.271453772727273	0.0035
2457988.4468772	-0.282293772727273	0.00357
2457988.4469959	-0.281903772727273	0.0035
2457988.4471139	-0.273713772727273	0.0035
2457988.4472545	-0.280423772727273	0.00353
2457988.447373	-0.279693772727273	0.00358
2457988.4474907	-0.274713772727273	0.00358
2457988.4476106	-0.272193772727273	0.00363
2457988.4477314	-0.276243772727273	0.00357
2457988.4478491	-0.279673772727273	0.00356
2457988.4479874	-0.282923772727273	0.00354
2457988.4481056	-0.269133772727273	0.00354
2457988.4482262	-0.267613772727273	0.00363
2457988.4483449	-0.282473772727273	0.00354
2457988.4484633	-0.272653772727273	0.00355
2457988.4485809	-0.272633772727273	0.00353
2457988.4487154	-0.276583772727273	0.0035
2457988.448835	-0.272573772727273	0.00355
2457988.4489536	-0.269673772727273	0.00359
2457988.4491071	-0.275923772727273	0.00344
2457988.4492279	-0.284663772727273	0.00357
2457988.4493622	-0.267083772727273	0.00356
2457988.4494814	-0.273923772727273	0.00357
2457988.4496017	-0.270253772727273	0.00356
2457988.4497207	-0.264533772727273	0.0036
2457988.4498572	-0.269003772727273	0.0036
2457988.4499905	-0.260453772727273	0.0036
2457988.4501105	-0.265943772727273	0.00359
2457988.4502291	-0.265583772727273	0.00365
2457988.4503485	-0.276923772727273	0.00357
2457988.4504675	-0.278903772727273	0.00353
2457988.4505858	-0.272373772727273	0.00353
2457988.4507047	-0.276513772727273	0.00355
2457988.4508427	-0.267273772727273	0.00358
2457988.4509613	-0.265993772727273	0.00351
2457988.4510816	-0.270403772727273	0.00357
2457988.4511988	-0.271563772727273	0.00359
2457988.4513324	-0.269313772727273	0.00359
2457988.4515469	-0.265363772727273	0.00369
2457988.4516669	-0.277133772727273	0.00357
2457988.4517863	-0.269973772727273	0.00353
2457988.4520385	-0.261363772727273	0.00355
2457988.4521763	-0.274263772727273	0.0036
2457988.4522951	-0.275073772727273	0.00353
2457988.4524154	-0.273223772727273	0.00358
2457988.4525685	-0.274563772727273	0.00358
2457988.4527046	-0.279683772727273	0.00359
2457988.452839	-0.280703772727273	0.00369
2457988.452958	-0.274663772727273	0.00363
2457988.453076	-0.275633772727273	0.0035
2457988.4531944	-0.275313772727273	0.00358
2457988.4533133	-0.263583772727273	0.00364
2457988.4534315	-0.267523772727273	0.00358
2457988.4535505	-0.280633772727273	0.0036
2457988.4536693	-0.262273772727273	0.00363
2457988.4538079	-0.266773772727273	0.0036
2457988.4539266	-0.272473772727273	0.00349
2457988.4540454	-0.277863772727273	0.00357
2457988.4541653	-0.279433772727273	0.00361
2457988.4542841	-0.279253772727273	0.00365
2457988.4544038	-0.262123772727273	0.00361
2457988.4545431	-0.288243772727273	0.00362
2457988.4546617	-0.282913772727273	0.00363
2457988.4547816	-0.274453772727273	0.00362
2457988.4548997	-0.259283772727273	0.00368
2457988.4550187	-0.273613772727273	0.00352
2457988.4551373	-0.268763772727273	0.00363
2457988.4552763	-0.278153772727273	0.00353
2457988.4553947	-0.274073772727273	0.00365
2457988.4555137	-0.283853772727273	0.00355
2457988.4556323	-0.278723772727273	0.0035
2457988.455753	-0.269103772727273	0.00358
2457988.4558736	-0.270913772727273	0.00358
2457988.4559926	-0.267323772727273	0.00357
2457988.4561123	-0.262773772727273	0.0036
2457988.4562329	-0.263443772727273	0.00357
2457988.4563508	-0.262073772727273	0.00361
2457988.4564838	-0.283473772727273	0.00355
2457988.4566031	-0.272133772727273	0.00359
2457988.4567242	-0.263313772727273	0.00361
2457988.4568428	-0.271203772727273	0.0036
2457988.4569622	-0.272573772727273	0.00354
2457988.4570816	-0.265523772727273	0.00358
2457988.4572014	-0.268603772727273	0.00356
2457988.4573223	-0.274943772727273	0.00358
2457988.4574413	-0.263773772727273	0.00361
2457988.4575596	-0.280553772727273	0.00361
2457988.4576794	-0.293123772727273	0.00359
2457988.4577977	-0.269733772727273	0.00361
2457988.4579315	-0.277973772727273	0.0036
2457988.4580514	-0.267243772727273	0.00363
2457988.4581696	-0.271823772727273	0.00358
2457988.4582884	-0.273603772727273	0.00362
2457988.4584079	-0.256803772727273	0.00368
2457988.4585272	-0.271673772727273	0.00356
2457988.4586597	-0.260223772727273	0.00364
2457988.4587978	-0.264423772727273	0.00365
2457988.4589174	-0.268783772727273	0.00362
2457988.4590356	-0.271473772727273	0.00361
2457988.4591687	-0.273663772727273	0.0036
2457988.4593023	-0.277623772727273	0.00368
2457988.4594219	-0.271123772727273	0.00354
2457988.459561	-0.269253772727273	0.00367
2457988.4596813	-0.275643772727273	0.00362
2457988.4598012	-0.275253772727273	0.00366
2457988.4599191	-0.273593772727273	0.0037
2457988.4600729	-0.279013772727273	0.00359
2457988.4601925	-0.274833772727273	0.00368
2457988.460312	-0.279083772727273	0.00364
2457988.4604315	-0.276873772727273	0.00363
2457988.4605512	-0.276983772727273	0.00365
2457988.4606704	-0.276713772727273	0.00356
2457988.46079	-0.259363772727273	0.00363
2457988.4609079	-0.264213772727273	0.0036
2457988.4610273	-0.276983772727273	0.00368
2457988.461147	-0.272783772727273	0.00374
2457988.4612656	-0.254843772727273	0.00381
2457988.4613848	-0.273713772727273	0.00369
2457988.4615031	-0.267113772727273	0.00372
2457988.4616399	-0.272603772727273	0.00373
2457988.4617747	-0.260913772727273	0.00372
2457988.4619337	-0.267383772727273	0.00356
2457988.4620715	-0.262733772727273	0.00369
2457988.4621909	-0.269793772727273	0.00368
2457988.4623256	-0.266933772727273	0.00367
2457988.4624644	-0.278803772727273	0.00364
2457988.4625826	-0.270403772727273	0.00379
2457988.4627009	-0.286883772727273	0.00365
2457988.4628196	-0.258723772727273	0.00375
2457988.4629396	-0.265373772727273	0.00365
2457988.4630591	-0.272553772727273	0.00369
2457988.4631778	-0.282683772727273	0.00368
2457988.4633509	-0.277573772727273	0.00368
2457988.4634708	-0.274033772727273	0.00376
2457988.4636095	-0.269583772727273	0.0037
2457988.4637275	-0.273993772727273	0.00371
2457988.4638463	-0.267383772727273	0.00369
2457988.4639652	-0.266853772727273	0.00371
2457988.464084	-0.273133772727273	0.00374
2457988.4642028	-0.277423772727273	0.0037
2457988.464323	-0.269003772727273	0.00377
2457988.4644427	-0.258973772727273	0.00376
2457988.4645612	-0.282263772727273	0.00378
2457988.4646809	-0.271363772727273	0.00379
2457988.4647999	-0.280263772727273	0.00373
2457988.4649192	-0.260883772727273	0.00374
2457988.4650384	-0.281423772727273	0.00368
2457988.4651722	-0.260463772727273	0.00384
2457988.4652912	-0.267183772727273	0.00375
2457988.4654102	-0.255003772727273	0.00381
2457988.4655279	-0.259433772727273	0.00377
2457988.4656485	-0.272213772727273	0.00379
2457988.4657729	-0.275303772727273	0.0037
2457988.4658928	-0.252353772727273	0.00378
2457988.4660123	-0.278303772727273	0.00372
2457988.4661312	-0.274743772727273	0.00371
2457988.4662523	-0.260953772727273	0.00383
2457988.4663709	-0.268953772727273	0.00377
2457988.4664887	-0.261233772727273	0.00374
2457988.4666278	-0.271353772727273	0.00376
2457988.4667451	-0.275013772727273	0.00369
2457988.4668641	-0.264373772727273	0.00382
2457988.4669833	-0.253653772727273	0.00378
2457988.467103	-0.258893772727273	0.00384
2457988.4672222	-0.279013772727273	0.0037
2457988.4673413	-0.270733772727273	0.00376
2457988.4674624	-0.270323772727273	0.00377
2457988.4675818	-0.280963772727273	0.00374
2457988.4677	-0.271243772727273	0.00378
2457988.4678184	-0.276723772727273	0.00387
2457988.4679392	-0.269173772727273	0.00379
2457988.4680792	-0.276083772727273	0.00378
2457988.4681985	-0.268433772727273	0.00373
2457988.4683191	-0.266583772727273	0.00374
2457988.4684572	-0.263293772727273	0.00383
2457988.4685773	-0.273893772727273	0.0038
2457988.4687154	-0.281513772727273	0.00377
2457988.4688546	-0.272923772727273	0.00374
2457988.468975	-0.273483772727273	0.00381
2457988.4690953	-0.269633772727273	0.00379
2457988.4692138	-0.267393772727273	0.00387
2457988.4693322	-0.271483772727273	0.00383
2457988.4694528	-0.266533772727273	0.00392
2457988.4695873	-0.272593772727273	0.00384
2457988.4697066	-0.279383772727273	0.00388
2457988.4698266	-0.265873772727273	0.00394
2457988.4699454	-0.266513772727273	0.00396
2457988.4700821	-0.280013772727273	0.00387
2457988.4702001	-0.272163772727273	0.00401
2457988.4703197	-0.298023772727273	0.00381
2457988.4704405	-0.268403772727273	0.00391
2457988.4705792	-0.256153772727273	0.00395
2457988.4707183	-0.261053772727273	0.00392
2457988.4708369	-0.277093772727273	0.00388
2457988.4709556	-0.265383772727273	0.00397
2457988.4710758	-0.266623772727273	0.00405
2457988.471195	-0.268873772727273	0.00393
2457988.4713344	-0.273503772727273	0.00398
2457988.4714528	-0.259973772727273	0.00393
2457988.471572	-0.264123772727273	0.00394
2457988.4716913	-0.267013772727273	0.00397
2457988.4718105	-0.253113772727273	0.00398
2457988.4719296	-0.272063772727273	0.00394
2457988.4720499	-0.261563772727273	0.00399
2457988.4721675	-0.276003772727273	0.00407
2457988.4723071	-0.257363772727273	0.00395
2457988.472426	-0.278883772727273	0.00394
2457988.4725457	-0.264813772727273	0.00405
2457988.472665	-0.265863772727273	0.00396
2457988.4727855	-0.261783772727273	0.00404
2457988.472923	-0.267053772727273	0.00391
2457988.473042	-0.262443772727273	0.00399
2457988.4731611	-0.291193772727273	0.00398
2457988.4732822	-0.274503772727273	0.00392
2457988.473401	-0.262393772727273	0.00396
2457988.4735758	-0.270463772727273	0.00406
2457988.4736958	-0.271763772727273	0.00401
2457988.4738338	-0.270673772727273	0.00406
2457988.4739541	-0.263073772727273	0.00397
2457988.4740725	-0.266693772727273	0.00394
2457988.4742106	-0.262003772727273	0.00401
2457988.4743294	-0.259203772727273	0.00406
2457988.4744681	-0.263513772727273	0.00394
2457988.4745878	-0.270193772727273	0.00401
2457988.4747068	-0.265783772727273	0.00399
2457988.4748413	-0.277423772727273	0.00404
2457988.4749606	-0.262413772727273	0.00404
2457988.4750997	-0.267273772727273	0.00403
2457988.4752186	-0.267603772727273	0.00418
2457988.4753373	-0.272013772727273	0.00418
2457988.4754553	-0.265593772727273	0.00415
2457988.4755749	-0.262933772727273	0.00411
2457988.4756948	-0.258693772727273	0.00424
2457988.4758132	-0.270533772727273	0.00418
2457988.4759512	-0.279613772727273	0.00417
2457988.4760709	-0.259803772727273	0.00443
2457988.4762258	-0.258473772727273	0.00447
2457988.4763454	-0.269623772727273	0.00413
2457988.4764638	-0.257793772727273	0.00424
2457988.4765847	-0.267253772727273	0.00413
2457988.4767024	-0.280333772727273	0.00408
2457988.4768213	-0.267643772727273	0.00414
2457988.476942	-0.268693772727273	0.00406
2457988.4770612	-0.276453772727273	0.00412
2457988.4772021	-0.255683772727273	0.004
2457988.4773211	-0.265373772727273	0.00413
2457988.4774411	-0.267233772727273	0.00415
2457988.4775616	-0.249023772727273	0.0043
2457988.4788051	-0.297853772727273	0.00544
2457988.4791817	-0.267783772727273	0.0042
2457988.4793005	-0.255173772727273	0.00413
2457988.4794203	-0.253373772727273	0.0042
2457988.479544	-0.273033772727273	0.00408
2457988.4796743	-0.274663772727273	0.00402
2457988.4799476	-0.257963772727273	0.00412
2457988.4800674	-0.272143772727273	0.00394
2457988.4802002	-0.284993772727273	0.00401
2457988.4803189	-0.261443772727273	0.00398
2457988.4804382	-0.265813772727273	0.00408
2457988.4805573	-0.269353772727273	0.00411
2457988.4806772	-0.274363772727273	0.00408
2457988.4808118	-0.254233772727273	0.00418
2457988.4809501	-0.269013772727273	0.00416
2457988.4810686	-0.254973772727273	0.00409
2457988.4811888	-0.275943772727273	0.00412
2457988.4813097	-0.275023772727273	0.00397
2457988.4814284	-0.257673772727273	0.004
2457988.4815484	-0.270933772727273	0.00413
2457988.4816676	-0.275553772727273	0.00403
2457988.4817873	-0.244923772727273	0.00399
2457988.4819072	-0.284713772727273	0.00407
2457988.4820259	-0.267583772727273	0.004
2457988.4821448	-0.258583772727273	0.00394
2457988.4822844	-0.265493772727273	0.00408
2457988.4824043	-0.283643772727273	0.00413
2457988.4825233	-0.274403772727273	0.004
2457988.4826426	-0.261483772727273	0.00408
2457988.4827628	-0.287323772727273	0.00398
2457988.4828828	-0.267913772727273	0.00398
2457988.4830014	-0.279153772727273	0.00427
2457988.4831191	-0.274483772727273	0.00408
2457988.4832395	-0.276773772727273	0.00404
2457988.4833597	-0.268703772727273	0.00407
2457988.4834784	-0.272553772727273	0.00401
2457988.4835983	-0.277603772727273	0.00408
2457988.4837194	-0.277213772727273	0.00401
2457988.4838394	-0.272223772727273	0.00395
2457988.4839917	-0.271133772727273	0.00403
2457988.484111	-0.261423772727273	0.00409
2457988.4842299	-0.267313772727273	0.00408
2457988.484365	-0.260643772727273	0.00402
2457988.484484	-0.272173772727273	0.00403
2457988.4846191	-0.269863772727273	0.00406
2457988.4847381	-0.269093772727273	0.00417
2457988.4848583	-0.276133772727273	0.00406
2457988.4849778	-0.263493772727273	0.00406
2457988.4850978	-0.278483772727273	0.00404
2457988.4852181	-0.275233772727273	0.00413
2457988.4853367	-0.261583772727273	0.00412
2457988.4854557	-0.274743772727273	0.00407
2457988.4856328	-0.269923772727273	0.00405
2457988.485766	-0.269293772727273	0.00403
2457988.4859061	-0.276623772727273	0.00405
2457988.4860255	-0.266573772727273	0.00402
2457988.4861455	-0.264163772727273	0.00406
2457988.4862843	-0.274103772727273	0.00407
2457988.4864034	-0.268323772727273	0.004
2457988.4865657	-0.282473772727273	0.00404
2457988.4866851	-0.265893772727273	0.00406
2457988.4868053	-0.271893772727273	0.00405
2457988.4869433	-0.275903772727273	0.00408
2457988.4870823	-0.268863772727273	0.0041
2457988.4872027	-0.256833772727273	0.00408
2457988.4873219	-0.266813772727273	0.00417
2457988.4874409	-0.277073772727273	0.00411
2457988.4875611	-0.267423772727273	0.00414
2457988.4876803	-0.275403772727273	0.00412
2457988.4878	-0.270633772727273	0.00406
2457988.4879186	-0.274383772727273	0.00415
2457988.4880363	-0.243333772727273	0.00418
2457988.4881566	-0.268093772727273	0.00411
2457988.4882759	-0.279173772727273	0.00403
2457988.4883951	-0.287433772727273	0.00408
2457988.4885159	-0.275903772727273	0.00418
2457988.4886351	-0.271283772727273	0.00411
2457988.4887731	-0.271503772727273	0.00416
2457988.4888936	-0.277163772727273	0.0041
2457988.4890127	-0.277033772727273	0.00403
2457988.4891334	-0.288573772727273	0.00409
2457988.489252	-0.270423772727273	0.00406
2457988.4893726	-0.290723772727273	0.00403
2457988.4895066	-0.270363772727273	0.00406
2457988.4896262	-0.264053772727273	0.00407
2457988.4897458	-0.277343772727273	0.00396
2457988.4898661	-0.276133772727273	0.00399
2457988.4900012	-0.275493772727273	0.00402
2457988.4901208	-0.279033772727273	0.00398
2457988.4902411	-0.280283772727273	0.00409
2457988.4903613	-0.275773772727273	0.00406
2457988.4904796	-0.279213772727273	0.00414
2457988.4906383	-0.268163772727273	0.00404
2457988.4907588	-0.276253772727273	0.00414
2457988.4908779	-0.283523772727273	0.00405
2457988.4909971	-0.274423772727273	0.0041
2457988.4911167	-0.279233772727273	0.00405
2457988.4912351	-0.268903772727273	0.00403
2457988.4913547	-0.272253772727273	0.00423
2457988.4914736	-0.280243772727273	0.00408
2457988.4915926	-0.268953772727273	0.00429
2457988.4917274	-0.289713772727273	0.00416
2457988.4918462	-0.263793772727273	0.0042
2457988.4919663	-0.270583772727273	0.00404
2457988.4920855	-0.284473772727273	0.00406
2457988.4922439	-0.267203772727273	0.00411
2457988.4923628	-0.270503772727273	0.0042
2457988.4925049	-0.273943772727273	0.00418
2457988.4926235	-0.264163772727273	0.00418
2457988.4927569	-0.272663772727273	0.0042
2457988.4928955	-0.282903772727273	0.00402
2457988.4930355	-0.289773772727273	0.00408
2457988.4931557	-0.277683772727273	0.00411
2457988.4932748	-0.277703772727273	0.00412
2457988.4933946	-0.288213772727273	0.00424
2457988.4935135	-0.271723772727273	0.00417
2457988.4936332	-0.279653772727273	0.00416
2457988.4937523	-0.276033772727273	0.00413
2457988.4938713	-0.296883772727273	0.00411
2457988.4939896	-0.277203772727273	0.00413
2457988.4941521	-0.259673772727273	0.0042
2457988.4942709	-0.282183772727273	0.00413
2457988.4943906	-0.275283772727273	0.00406
2457988.4945112	-0.285033772727273	0.00421
2457988.4946685	-0.269603772727273	0.00419
2457988.4947882	-0.277433772727273	0.00414
2457988.4949451	-0.273603772727273	0.00429
2457988.4950851	-0.289873772727273	0.0043
2457988.4952054	-0.286063772727273	0.00427
2457988.4953257	-0.281873772727273	0.0042
2457988.4954637	-0.272973772727273	0.00431
2457988.4955823	-0.279263772727273	0.00413
2457988.4957015	-0.279133772727273	0.00413
2457988.4958203	-0.284493772727273	0.00418
2457988.4959405	-0.280403772727273	0.00425
2457988.4960601	-0.290563772727273	0.00422
2457988.496181	-0.270253772727273	0.00427
2457988.4963007	-0.285163772727273	0.00423
2457988.4964419	-0.294403772727273	0.00415
2457988.49656	-0.280703772727273	0.00417
2457988.4966968	-0.274523772727273	0.00416
2457988.4968152	-0.289083772727273	0.0041
2457988.4969528	-0.263253772727273	0.0043
2457988.4970728	-0.296703772727273	0.0042
2457988.4971918	-0.278463772727273	0.00424
2457988.4973117	-0.291373772727273	0.00433
2457988.4974317	-0.278103772727273	0.00436
2457988.4975513	-0.277933772727273	0.00423
2457988.497705	-0.290003772727273	0.00425
2457988.4978392	-0.280003772727273	0.00418
2457988.4979795	-0.276613772727273	0.00422
2457988.4980991	-0.287673772727273	0.00421
2457988.4982203	-0.286253772727273	0.00436
2457988.4983403	-0.278343772727273	0.0043
2457988.4984615	-0.292133772727273	0.00432
2457988.4985814	-0.274093772727273	0.00422
2457988.4987014	-0.262203772727273	0.00423
2457988.4988213	-0.290333772727273	0.00418
2457988.4989405	-0.283093772727273	0.00434
2457988.4990595	-0.296793772727273	0.00429
2457988.4991934	-0.290133772727273	0.00419
2457988.4993543	-0.277593772727273	0.00418
2457988.4994941	-0.288403772727273	0.00443
2457988.4996899	-0.286573772727273	0.00429
2457988.4999052	-0.283723772727273	0.00423
2457988.5000255	-0.295493772727273	0.00437
2457988.5001464	-0.298003772727273	0.00419
2457988.5002655	-0.306373772727273	0.00429
2457988.500385	-0.292733772727273	0.00429
2457988.5005622	-0.287373772727273	0.00419
2457988.5007404	-0.314143772727273	0.00448
2457988.50088	-0.283063772727273	0.00432
2457988.5010362	-0.287793772727273	0.00434
2457988.5011569	-0.304643772727273	0.00441
2457988.5012765	-0.291513772727273	0.00432
2457988.5013961	-0.292643772727273	0.00425
2457988.5015167	-0.284163772727273	0.0043
2457988.5016524	-0.302363772727273	0.00413
2457988.5017712	-0.293293772727273	0.00429
2457988.501891	-0.302913772727273	0.00411
2457988.5020106	-0.298433772727273	0.00422
2457988.5021654	-0.295653772727273	0.00422
2457988.5023062	-0.286343772727273	0.00417
2457988.502426	-0.291833772727273	0.00426
2457988.5025456	-0.293043772727273	0.00441
2457988.5026666	-0.300703772727273	0.00427
2457988.5028065	-0.304983772727273	0.00435
2457988.5029264	-0.305523772727273	0.00436
2457988.5030454	-0.303803772727273	0.00429
2457988.503166	-0.297203772727273	0.00423
2457988.5032997	-0.295923772727273	0.00425
2457988.5034341	-0.295523772727273	0.00437
2457988.5035541	-0.291683772727273	0.00418
2457988.5036927	-0.303933772727273	0.00421
2457988.5038133	-0.295633772727273	0.00424
2457988.5039333	-0.297473772727273	0.00425
2457988.5040579	-0.303673772727273	0.00422
2457988.5041873	-0.296393772727273	0.00421
2457988.5043076	-0.304743772727273	0.00434
2457988.5044266	-0.305043772727273	0.00442
2457988.5045666	-0.309553772727273	0.00432
2457988.504687	-0.297243772727273	0.00434
2457988.5048067	-0.299943772727273	0.0044
2457988.5049275	-0.295523772727273	0.00457
2457988.5050495	-0.304213772727273	0.00431
2457988.5051698	-0.299493772727273	0.00422
2457988.5052899	-0.294713772727273	0.00435
2457988.5054118	-0.314513772727273	0.00423
2457988.5055309	-0.295013772727273	0.00441
2457988.5056696	-0.310433772727273	0.00435
2457988.5058097	-0.299013772727273	0.00442
2457988.5059294	-0.309723772727273	0.00436
2457988.5060497	-0.284123772727273	0.00424
2457988.506169	-0.303353772727273	0.00435
2457988.5062885	-0.301483772727273	0.00419
2457988.5064281	-0.307743772727273	0.00431
2457988.5065632	-0.299123772727273	0.0043
2457988.5068219	-0.302123772727273	0.00441
2457988.5069428	-0.294783772727273	0.0043
2457988.5070837	-0.317113772727273	0.00441
2457988.5072046	-0.288593772727273	0.00442
2457988.507326	-0.305573772727273	0.00433
2457988.5074468	-0.303333772727273	0.00445
2457988.507586	-0.306323772727273	0.00432
2457988.5077449	-0.314283772727273	0.00429
2457988.5079215	-0.292753772727273	0.00444
2457988.5080416	-0.318243772727273	0.00435
2457988.5081634	-0.305053772727273	0.00432
2457988.5083043	-0.314183772727273	0.00442
2457988.5084249	-0.310113772727273	0.00436
2457988.5085464	-0.307223772727273	0.00428
2457988.5086894	-0.310233772727273	0.00424
2457988.5088089	-0.294563772727273	0.00434
2457988.5089289	-0.298973772727273	0.00449
2457988.5090469	-0.301373772727273	0.00439
2457988.5092054	-0.300213772727273	0.00433
2457988.5093257	-0.300913772727273	0.00418
2457988.509445	-0.308473772727273	0.00443
2457988.5095663	-0.294203772727273	0.00434
2457988.5096856	-0.304453772727273	0.00437
2457988.5099271	-0.314833772727273	0.00447
2457988.5101586	-0.292233772727273	0.00447
2457988.5103891	-0.304173772727273	0.00448
2457988.5105274	-0.304433772727273	0.00454
2457988.5107253	-0.304843772727273	0.00449
2457988.5108456	-0.300093772727273	0.00443
2457988.5109652	-0.311343772727273	0.00448
2457988.5110858	-0.309783772727273	0.0046
2457988.5112454	-0.274613772727273	0.00456
2457988.5113648	-0.298733772727273	0.00451
2457988.5114847	-0.296033772727273	0.00458
2457988.5116044	-0.299813772727273	0.00466
2457988.5117433	-0.306323772727273	0.00499
2457988.511906	-0.290733772727273	0.00467
2457988.5120404	-0.297733772727273	0.00453
2457988.5121994	-0.299413772727273	0.00444
2457988.5123198	-0.272593772727273	0.00465
2457988.5124388	-0.301283772727273	0.00452
2457988.5125586	-0.292223772727273	0.00475
2457988.5126786	-0.277763772727273	0.0047
2457988.5128882	-0.309783772727273	0.00449
2457988.5130075	-0.285813772727273	0.0045
2457988.5131422	-0.303553772727273	0.00448
2457988.5132611	-0.306963772727273	0.00454
2457988.5133802	-0.297163772727273	0.00446
2457988.5135766	-0.287883772727273	0.00455
2457988.5136953	-0.280913772727273	0.00462
2457988.5138152	-0.275543772727273	0.00473
2457988.5139551	-0.304873772727273	0.00469
2457988.5140741	-0.295583772727273	0.00465
2457988.5142133	-0.297053772727273	0.00458
2457988.514352	-0.315823772727273	0.0047
2457988.514491	-0.302433772727273	0.00456
2457988.51461	-0.281493772727273	0.00468
2457988.5147307	-0.286563772727273	0.00456
2457988.5148507	-0.292213772727273	0.00463
2457988.5149722	-0.285173772727273	0.00472
2457988.5151892	-0.294603772727273	0.0047
2457988.5153098	-0.309003772727273	0.00464
2457988.5154307	-0.299093772727273	0.00463
2457988.5155652	-0.297653772727273	0.00468
2457988.5157028	-0.291613772727273	0.00474
2457988.5158231	-0.297623772727273	0.00478
2457988.5159416	-0.296003772727273	0.0048
2457988.516101	-0.302443772727273	0.00484
2457988.5162222	-0.289323772727273	0.00491
2457988.5163784	-0.271203772727273	0.00483
