2456862.410050 0.577600
2456862.429100 0.584200
2456862.431370 0.593600
2456862.433630 0.583300
2456862.435900 0.588300
2456862.438160 0.602500
2456862.442690 0.600100
2456862.444960 0.612500
2456862.447220 0.603800
2456862.467610 0.627800
2456862.469870 0.626300
2456862.472130 0.624800
2456862.474400 0.630200
2456862.478930 0.629400
2456862.481200 0.629300
2456862.483460 0.626500
2456862.485720 0.632600
2456862.487990 0.626400
2456862.490250 0.627400
2456862.492520 0.629200
2456862.497070 0.625900
2456862.499340 0.623800
2456862.506130 0.620800
2456862.508400 0.621600
2456862.510660 0.618600
2456862.515190 0.617200
2456862.517460 0.617300
2456862.519720 0.606700
2456862.524250 0.597000
2456862.528780 0.596100
2456862.531050 0.593000
2456862.533310 0.596900
2456862.535580 0.594600
2456862.537840 0.589800
2456862.540110 0.594300
2456862.542370 0.593700
2456862.549170 0.595400
2456862.551430 0.597800
