#HJD          dMag   Err    Fil
2456874.62200 1.1132 0.0019 I 
2456874.62213 1.1058 0.0019 I 
2456874.62227 1.1061 0.0019 I 
2456874.62241 1.1056 0.0019 I 
2456874.62255 1.1021 0.0019 I 
2456874.62269 1.1083 0.0019 I 
2456874.62283 1.1082 0.0019 I 
2456874.62296 1.1009 0.0019 I 
2456874.62310 1.1031 0.0019 I 
2456874.62323 1.1091 0.0019 I 
2456874.62337 1.1081 0.0019 I 
2456874.62351 1.1120 0.0020 I 
2456874.62365 1.1127 0.0020 I 
2456874.62379 1.1122 0.0020 I 
2456874.62392 1.1155 0.0020 I 
2456874.62406 1.1128 0.0020 I 
2456874.62420 1.1293 0.0022 I 
2456874.62434 1.1193 0.0022 I 
2456874.62448 1.1172 0.0021 I 
2456874.62461 1.1197 0.0021 I 
2456874.62475 1.1150 0.0020 I 
2456874.62489 1.1068 0.0020 I 
2456874.62503 1.1215 0.0021 I 
2456874.62517 1.1095 0.0022 I 
2456874.62531 1.1193 0.0021 I 
2456874.62545 1.1255 0.0021 I 
2456874.62558 1.1129 0.0021 I 
2456874.62572 1.1151 0.0020 I 
2456874.62586 1.1061 0.0020 I 
2456874.62600 1.1097 0.0020 I 
2456874.62614 1.1098 0.0020 I 
2456874.62627 1.1077 0.0021 I 
2456874.62641 1.1124 0.0020 I 
2456874.62655 1.1075 0.0020 I 
2456874.62669 1.1159 0.0020 I 
2456874.62683 1.1123 0.0020 I 
2456874.62697 1.1087 0.0020 I 
2456874.62711 1.1068 0.0020 I 
2456874.62725 1.1142 0.0020 I 
2456874.62739 1.1125 0.0020 I 
2456874.62752 1.1101 0.0020 I 
2456874.62766 1.1161 0.0021 I 
2456874.62780 1.1174 0.0021 I 
2456874.62794 1.1185 0.0021 I 
2456874.62808 1.1246 0.0020 I 
2456874.62821 1.1039 0.0020 I 
2456874.62835 1.1151 0.0020 I 
2456874.62850 1.1072 0.0021 I 
2456874.62863 1.1108 0.0020 I 
2456874.62877 1.1073 0.0020 I 
2456874.62891 1.1150 0.0019 I 
2456874.62905 1.1134 0.0020 I 
2456874.62919 1.1063 0.0019 I 
2456874.62933 1.1034 0.0019 I 
2456874.62946 1.1023 0.0019 I 
2456874.62960 1.1064 0.0019 I 
2456874.62974 1.1045 0.0019 I 
2456874.62988 1.1036 0.0019 I 
2456874.63002 1.1018 0.0019 I 
2456874.63014 1.1045 0.0019 I 
2456874.63030 1.1110 0.0020 I 
2456874.63044 1.1126 0.0020 I 
2456874.63057 1.1079 0.0019 I 
2456874.63071 1.1056 0.0020 I 
2456874.63085 1.1130 0.0020 I 
2456874.63099 1.1152 0.0020 I 
2456874.63113 1.1151 0.0020 I 
2456874.63127 1.1063 0.0020 I 
2456874.63141 1.1125 0.0020 I 
2456874.63154 1.1177 0.0020 I 
2456874.63168 1.1159 0.0020 I 
2456874.63182 1.1093 0.0020 I 
2456874.63196 1.1116 0.0020 I 
2456874.63210 1.1102 0.0020 I 
2456874.63224 1.1130 0.0020 I 
2456874.63237 1.1052 0.0020 I 
2456874.63251 1.1106 0.0021 I 
2456874.63265 1.1102 0.0020 I 
2456874.63279 1.1104 0.0020 I 
2456874.63293 1.1025 0.0020 I 
2456874.63307 1.1146 0.0020 I 
2456874.63320 1.1160 0.0020 I 
2456874.63334 1.1087 0.0020 I 
2456874.63348 1.1130 0.0020 I 
2456874.63362 1.1171 0.0021 I 
2456874.63376 1.1136 0.0020 I 
2456874.63390 1.1180 0.0020 I 
2456874.63404 1.1127 0.0020 I 
2456874.63417 1.1153 0.0020 I 
2456874.63431 1.1143 0.0020 I 
2456874.63445 1.1124 0.0020 I 
2456874.63459 1.1053 0.0020 I 
2456874.63473 1.1135 0.0020 I 
2456874.63487 1.1049 0.0020 I 
2456874.63501 1.1054 0.0020 I 
2456874.63514 1.1108 0.0020 I 
2456874.63528 1.1131 0.0020 I 
2456874.63542 1.1128 0.0019 I 
2456874.63556 1.1148 0.0019 I 
2456874.63570 1.1076 0.0019 I 
2456874.63584 1.1123 0.0020 I 
2456874.63597 1.1071 0.0019 I 
2456874.63611 1.1088 0.0019 I 
2456874.63625 1.1063 0.0019 I 
2456874.63639 1.1029 0.0019 I 
2456874.63653 1.1115 0.0020 I 
2456874.63667 1.1094 0.0020 I 
2456874.63681 1.1111 0.0020 I 
2456874.63695 1.1193 0.0021 I 
2456874.63708 1.1094 0.0020 I 
2456874.63722 1.1103 0.0020 I 
2456874.63736 1.1085 0.0020 I 
2456874.63750 1.1077 0.0020 I 
2456874.63764 1.1122 0.0019 I 
2456874.63777 1.1061 0.0019 I 
2456874.63792 1.1054 0.0019 I 
2456874.63805 1.1082 0.0019 I 
2456874.63819 1.1051 0.0019 I 
2456874.63833 1.1087 0.0019 I 
2456874.63847 1.1115 0.0020 I 
2456874.63861 1.1107 0.0020 I 
2456874.63875 1.1127 0.0020 I 
2456874.63888 1.1140 0.0020 I 
2456874.63902 1.1101 0.0020 I 
2456874.63916 1.1084 0.0020 I 
2456874.63930 1.1135 0.0020 I 
2456874.63943 1.1065 0.0019 I 
2456874.63958 1.1046 0.0019 I 
2456874.63971 1.1043 0.0019 I 
2456874.63985 1.1057 0.0019 I 
2456874.63999 1.1073 0.0020 I 
2456874.64013 1.1105 0.0020 I 
2456874.64027 1.1135 0.0020 I 
2456874.64041 1.1114 0.0020 I 
2456874.64054 1.1068 0.0019 I 
2456874.64068 1.0996 0.0019 I 
2456874.64082 1.1171 0.0020 I 
2456874.64096 1.1177 0.0020 I 
2456874.64110 1.1020 0.0019 I 
2456874.64123 1.1009 0.0019 I 
2456874.64137 1.1104 0.0020 I 
2456874.64151 1.1059 0.0019 I 
2456874.64165 1.1055 0.0019 I 
2456874.64179 1.1142 0.0020 I 
2456874.64193 1.1115 0.0020 I 
2456874.64207 1.1032 0.0019 I 
2456874.64221 1.1101 0.0020 I 
2456874.64234 1.1170 0.0020 I 
2456874.64248 1.1082 0.0020 I 
2456874.64262 1.1076 0.0019 I 
2456874.64276 1.1081 0.0020 I 
2456874.64289 1.1073 0.0020 I 
2456874.64303 1.1144 0.0020 I 
2456874.64317 1.1137 0.0020 I 
2456874.64331 1.1145 0.0020 I 
2456874.64345 1.1157 0.0020 I 
2456874.64359 1.1146 0.0020 I 
2456874.64373 1.1139 0.0020 I 
2456874.64387 1.1110 0.0020 I 
2456874.64401 1.1059 0.0020 I 
2456874.64416 1.1123 0.0020 I 
2456874.64429 1.1222 0.0020 I 
2456874.64443 1.1150 0.0020 I 
2456874.64457 1.1137 0.0020 I 
2456874.64471 1.1158 0.0020 I 
2456874.64485 1.1127 0.0020 I 
2456874.64498 1.1139 0.0020 I 
2456874.64512 1.1172 0.0020 I 
2456874.64526 1.1118 0.0020 I 
2456874.64540 1.1081 0.0020 I 
2456874.64554 1.1145 0.0019 I 
2456874.64568 1.1120 0.0020 I 
2456874.64582 1.1128 0.0020 I 
2456874.64596 1.1116 0.0019 I 
2456874.64609 1.1141 0.0019 I 
2456874.64623 1.1110 0.0019 I 
2456874.64637 1.1101 0.0019 I 
2456874.64651 1.1090 0.0019 I 
2456874.64665 1.1144 0.0020 I 
2456874.64679 1.1190 0.0019 I 
2456874.64693 1.1173 0.0020 I 
2456874.64707 1.1139 0.0020 I 
2456874.64721 1.1172 0.0020 I 
2456874.64734 1.1153 0.0020 I 
2456874.64748 1.1181 0.0020 I 
2456874.64762 1.1146 0.0019 I 
2456874.64776 1.1123 0.0019 I 
2456874.64790 1.1104 0.0019 I 
2456874.64804 1.1121 0.0019 I 
2456874.64818 1.1190 0.0019 I 
2456874.64831 1.1109 0.0019 I 
2456874.64846 1.1174 0.0019 I 
2456874.64859 1.1107 0.0019 I 
2456874.64873 1.1132 0.0019 I 
2456874.64887 1.1127 0.0020 I 
2456874.64901 1.1155 0.0019 I 
2456874.64914 1.1176 0.0019 I 
2456874.64928 1.1170 0.0019 I 
2456874.64942 1.1097 0.0019 I 
2456874.64956 1.1132 0.0020 I 
2456874.64970 1.1270 0.0020 I 
2456874.64984 1.1222 0.0020 I 
2456874.64998 1.1269 0.0020 I 
2456874.65012 1.1288 0.0020 I 
2456874.65026 1.1278 0.0020 I 
2456874.65039 1.1204 0.0020 I 
2456874.65053 1.1309 0.0020 I 
2456874.65067 1.1270 0.0020 I 
2456874.65081 1.1246 0.0020 I 
2456874.65094 1.1304 0.0020 I 
2456874.65107 1.1256 0.0020 I 
2456874.65121 1.1299 0.0020 I 
2456874.65135 1.1293 0.0020 I 
2456874.65149 1.1246 0.0020 I 
2456874.65163 1.1259 0.0020 I 
2456874.65177 1.1209 0.0019 I 
2456874.65190 1.1253 0.0020 I 
2456874.65204 1.1299 0.0020 I 
2456874.65218 1.1234 0.0020 I 
2456874.65232 1.1228 0.0020 I 
2456874.65246 1.1303 0.0020 I 
2456874.65260 1.1249 0.0020 I 
2456874.65274 1.1332 0.0020 I 
2456874.65287 1.1305 0.0020 I 
2456874.65301 1.1340 0.0020 I 
2456874.65315 1.1310 0.0020 I 
2456874.65329 1.1289 0.0020 I 
2456874.65343 1.1281 0.0020 I 
2456874.65357 1.1297 0.0020 I 
2456874.65371 1.1303 0.0020 I 
2456874.65384 1.1348 0.0020 I 
2456874.65398 1.1317 0.0020 I 
2456874.65412 1.1330 0.0020 I 
2456874.65426 1.1400 0.0020 I 
2456874.65440 1.1380 0.0020 I 
2456874.65454 1.1307 0.0020 I 
2456874.65468 1.1333 0.0020 I 
2456874.65481 1.1343 0.0020 I 
2456874.65495 1.1261 0.0021 I 
2456874.65509 1.1356 0.0020 I 
2456874.65523 1.1247 0.0020 I 
2456874.65537 1.1364 0.0020 I 
2456874.65551 1.1369 0.0020 I 
2456874.65565 1.1307 0.0020 I 
2456874.65579 1.1388 0.0020 I 
2456874.65592 1.1343 0.0020 I 
2456874.65606 1.1437 0.0020 I 
2456874.65620 1.1311 0.0021 I 
2456874.65634 1.1453 0.0021 I 
2456874.65648 1.1283 0.0020 I 
2456874.65661 1.1326 0.0020 I 
2456874.65675 1.1362 0.0020 I 
2456874.65689 1.1387 0.0020 I 
2456874.65703 1.1364 0.0020 I 
2456874.65717 1.1374 0.0020 I 
2456874.65731 1.1358 0.0020 I 
2456874.65745 1.1321 0.0020 I 
2456874.65759 1.1378 0.0019 I 
2456874.65773 1.1307 0.0019 I 
2456874.65787 1.1349 0.0019 I 
2456874.65800 1.1334 0.0019 I 
2456874.65814 1.1364 0.0020 I 
2456874.65828 1.1329 0.0020 I 
2456874.65842 1.1345 0.0020 I 
2456874.65855 1.1412 0.0020 I 
2456874.65869 1.1432 0.0020 I 
2456874.65883 1.1278 0.0020 I 
2456874.65897 1.1329 0.0020 I 
2456874.65911 1.1356 0.0020 I 
2456874.65925 1.1444 0.0020 I 
2456874.65939 1.1282 0.0019 I 
2456874.65952 1.1317 0.0020 I 
2456874.65966 1.1340 0.0019 I 
2456874.65980 1.1386 0.0020 I 
2456874.65994 1.1320 0.0020 I 
2456874.66008 1.1324 0.0020 I 
2456874.66022 1.1470 0.0020 I 
2456874.66036 1.1343 0.0020 I 
2456874.66050 1.1338 0.0020 I 
2456874.66063 1.1379 0.0020 I 
2456874.66077 1.1285 0.0020 I 
2456874.66091 1.1365 0.0020 I 
2456874.66105 1.1353 0.0020 I 
2456874.66119 1.1480 0.0021 I 
2456874.66132 1.1557 0.0022 I 
2456874.66146 1.1387 0.0022 I 
2456874.66160 1.1443 0.0020 I 
2456874.66174 1.1376 0.0020 I 
2456874.66188 1.1341 0.0020 I 
2456874.66202 1.1336 0.0020 I 
2456874.66215 1.1336 0.0020 I 
2456874.66229 1.1403 0.0020 I 
2456874.66243 1.1422 0.0020 I 
2456874.66257 1.1303 0.0020 I 
2456874.66271 1.1448 0.0020 I 
2456874.66285 1.1411 0.0020 I 
2456874.66299 1.1346 0.0020 I 
2456874.66313 1.1364 0.0020 I 
2456874.66326 1.1335 0.0020 I 
2456874.66340 1.1435 0.0020 I 
2456874.66354 1.1309 0.0020 I 
2456874.66368 1.1379 0.0020 I 
2456874.66381 1.1450 0.0020 I 
2456874.66395 1.1391 0.0020 I 
2456874.66409 1.1481 0.0020 I 
2456874.66423 1.1378 0.0020 I 
2456874.66437 1.1387 0.0020 I 
2456874.66451 1.1368 0.0020 I 
2456874.66465 1.1415 0.0020 I 
2456874.66479 1.1400 0.0020 I 
2456874.66494 1.1336 0.0020 I 
2456874.66507 1.1387 0.0020 I 
2456874.66521 1.1460 0.0020 I 
2456874.66535 1.1303 0.0020 I 
2456874.66549 1.1420 0.0019 I 
2456874.66563 1.1439 0.0020 I 
2456874.66577 1.1355 0.0020 I 
2456874.66590 1.1426 0.0020 I 
2456874.66604 1.1398 0.0020 I 
2456874.66618 1.1402 0.0020 I 
2456874.66632 1.1371 0.0020 I 
2456874.66646 1.1447 0.0020 I 
2456874.66660 1.1418 0.0020 I 
2456874.66674 1.1330 0.0020 I 
2456874.66688 1.1341 0.0020 I 
2456874.66702 1.1425 0.0020 I 
2456874.66715 1.1438 0.0020 I 
2456874.66729 1.1573 0.0023 I 
2456874.66743 1.1419 0.0021 I 
2456874.66757 1.1459 0.0020 I 
2456874.66771 1.1436 0.0020 I 
2456874.66785 1.1477 0.0020 I 
2456874.66798 1.1469 0.0020 I 
2456874.66812 1.1548 0.0020 I 
2456874.66826 1.1479 0.0021 I 
2456874.66840 1.1490 0.0020 I 
2456874.66854 1.1513 0.0021 I 
2456874.66867 1.1337 0.0021 I 
2456874.66882 1.1467 0.0021 I 
2456874.66895 1.1507 0.0022 I 
2456874.66909 1.1457 0.0021 I 
2456874.66923 1.1483 0.0021 I 
2456874.66937 1.1512 0.0021 I 
2456874.66951 1.1495 0.0021 I 
2456874.66965 1.1424 0.0020 I 
2456874.66978 1.1562 0.0021 I 
2456874.66992 1.1463 0.0021 I 
2456874.67006 1.1558 0.0022 I 
2456874.67020 1.1488 0.0020 I 
2456874.67034 1.1447 0.0021 I 
2456874.67048 1.1516 0.0021 I 
2456874.67061 1.1464 0.0020 I 
2456874.67076 1.1433 0.0020 I 
2456874.67089 1.1430 0.0020 I 
2456874.67103 1.1470 0.0020 I 
2456874.67117 1.1435 0.0020 I 
2456874.67131 1.1496 0.0020 I 
2456874.67145 1.1428 0.0020 I 
2456874.67159 1.1518 0.0020 I 
2456874.67172 1.1504 0.0021 I 
2456874.67185 1.1550 0.0021 I 
2456874.67199 1.1443 0.0021 I 
2456874.67213 1.1570 0.0021 I 
2456874.67227 1.1419 0.0020 I 
2456874.67240 1.1401 0.0020 I 
2456874.67254 1.1471 0.0020 I 
2456874.67268 1.1452 0.0020 I 
2456874.67282 1.1432 0.0021 I 
2456874.67296 1.1574 0.0021 I 
2456874.67310 1.1639 0.0022 I 
2456874.67324 1.1492 0.0021 I 
2456874.67337 1.1583 0.0021 I 
2456874.67351 1.1493 0.0021 I 
2456874.67365 1.1393 0.0020 I 
2456874.67379 1.1560 0.0021 I 
2456874.67393 1.1419 0.0020 I 
2456874.67406 1.1522 0.0020 I 
2456874.67420 1.1577 0.0021 I 
2456874.67434 1.1479 0.0020 I 
2456874.67448 1.1508 0.0020 I 
2456874.67462 1.1475 0.0020 I 
2456874.67476 1.1586 0.0021 I 
2456874.67490 1.1489 0.0021 I 
2456874.67504 1.1502 0.0021 I 
2456874.67517 1.1501 0.0020 I 
2456874.67531 1.1521 0.0021 I 
2456874.67545 1.1505 0.0021 I 
2456874.67559 1.1643 0.0022 I 
2456874.67573 1.1520 0.0022 I 
2456874.67587 1.1548 0.0022 I 
2456874.67601 1.1529 0.0021 I 
2456874.67614 1.1609 0.0021 I 
2456874.67628 1.1397 0.0021 I 
2456874.67642 1.1440 0.0021 I 
2456874.67656 1.1535 0.0021 I 
2456874.67670 1.1586 0.0022 I 
2456874.67684 1.1505 0.0023 I 
2456874.67698 1.1530 0.0022 I 
2456874.67711 1.1537 0.0025 I 
2456874.67725 1.1577 0.0023 I 
2456874.67739 1.1446 0.0023 I 
2456874.67753 1.1501 0.0022 I 
2456874.67767 1.1488 0.0023 I 
2456874.67781 1.1470 0.0022 I 
2456874.67794 1.1516 0.0022 I 
2456874.67808 1.1599 0.0021 I 
2456874.67822 1.1495 0.0020 I 
2456874.67836 1.1491 0.0020 I 
2456874.67850 1.1578 0.0021 I 
2456874.67863 1.1541 0.0021 I 
2456874.67877 1.1529 0.0021 I 
2456874.67891 1.1450 0.0021 I 
2456874.67905 1.1486 0.0022 I 
2456874.67919 1.1646 0.0021 I 
2456874.67933 1.1530 0.0020 I 
2456874.67947 1.1496 0.0021 I 
2456874.67961 1.1466 0.0021 I 
2456874.67975 1.1406 0.0021 I 
2456874.67989 1.1463 0.0021 I 
2456874.68002 1.1511 0.0021 I 
2456874.68016 1.1495 0.0021 I 
2456874.68030 1.1591 0.0022 I 
2456874.68044 1.1451 0.0021 I 
2456874.68058 1.1592 0.0021 I 
2456874.68072 1.1646 0.0021 I 
2456874.68086 1.1390 0.0021 I 
2456874.68099 1.1454 0.0020 I 
2456874.68113 1.1524 0.0020 I 
2456874.68127 1.1537 0.0021 I 
2456874.68141 1.1428 0.0020 I 
2456874.68155 1.1467 0.0021 I 
2456874.68169 1.1558 0.0022 I 
2456874.68182 1.1601 0.0022 I 
2456874.68196 1.1616 0.0021 I 
2456874.68210 1.1492 0.0021 I 
2456874.68224 1.1541 0.0022 I 
2456874.68238 1.1639 0.0021 I 
2456874.68252 1.1619 0.0021 I 
2456874.68266 1.1439 0.0021 I 
2456874.68279 1.1475 0.0022 I 
2456874.68293 1.1609 0.0021 I 
2456874.68307 1.1483 0.0023 I 
2456874.68321 1.1535 0.0023 I 
2456874.68335 1.1533 0.0022 I 
2456874.68348 1.1470 0.0022 I 
2456874.68362 1.1596 0.0024 I 
2456874.68376 1.1436 0.0023 I 
2456874.68390 1.1454 0.0023 I 
2456874.68404 1.1441 0.0021 I 
2456874.68418 1.1554 0.0021 I 
2456874.68432 1.1387 0.0021 I 
2456874.68446 1.1338 0.0022 I 
2456874.68459 1.1376 0.0022 I 
2456874.68473 1.1473 0.0021 I 
2456874.68487 1.1470 0.0021 I 
2456874.68501 1.1474 0.0022 I 
2456874.68515 1.1368 0.0022 I 
2456874.68529 1.1341 0.0022 I 
2456874.68543 1.1362 0.0023 I 
2456874.68556 1.1474 0.0021 I 
2456874.68570 1.1427 0.0023 I 
2456874.68585 1.1425 0.0021 I 
2456874.68599 1.1436 0.0021 I 
2456874.68613 1.1378 0.0021 I 
2456874.68627 1.1567 0.0023 I 
2456874.68641 1.1381 0.0025 I 
2456874.68654 1.1463 0.0024 I 
2456874.68668 1.1493 0.0022 I 
2456874.68682 1.1575 0.0023 I 
2456874.68696 1.1467 0.0023 I 
2456874.68710 1.1540 0.0023 I 
2456874.68724 1.1419 0.0022 I 
2456874.68738 1.1425 0.0022 I 
2456874.68752 1.1476 0.0021 I 
2456874.68765 1.1516 0.0021 I 
2456874.68779 1.1535 0.0021 I 
2456874.68793 1.1577 0.0021 I 
2456874.68807 1.1465 0.0022 I 
2456874.68821 1.1403 0.0022 I 
2456874.68835 1.1517 0.0022 I 
2456874.68848 1.1483 0.0021 I 
2456874.68862 1.1626 0.0022 I 
2456874.68876 1.1493 0.0021 I 
2456874.68890 1.1308 0.0021 I 
2456874.68904 1.1480 0.0021 I 
2456874.68918 1.1417 0.0021 I 
2456874.68931 1.1463 0.0021 I 
2456874.68945 1.1494 0.0021 I 
2456874.68959 1.1360 0.0021 I 
2456874.68973 1.1476 0.0021 I 
2456874.68987 1.1396 0.0021 I 
2456874.69001 1.1525 0.0022 I 
2456874.69015 1.1458 0.0021 I 
2456874.69028 1.1473 0.0023 I 
2456874.69042 1.1502 0.0023 I 
2456874.69056 1.1586 0.0023 I 
2456874.69070 1.1488 0.0022 I 
2456874.69081 1.1476 0.0021 I 
2456874.69100 1.1484 0.0022 I 
2456874.69114 1.1517 0.0022 I 
2456874.69128 1.1554 0.0022 I 
2456874.69141 1.1527 0.0022 I 
2456874.69155 1.1569 0.0022 I 
2456874.69169 1.1548 0.0022 I 
2456874.69183 1.1532 0.0022 I 
2456874.69197 1.1417 0.0021 I 
2456874.69211 1.1472 0.0022 I 
2456874.69225 1.1542 0.0022 I 
2456874.69239 1.1529 0.0022 I 
2456874.69253 1.1470 0.0022 I 
2456874.69263 1.1523 0.0021 I 
2456874.69277 1.1574 0.0021 I 
2456874.69290 1.1428 0.0022 I 
2456874.69304 1.1475 0.0023 I 
2456874.69318 1.1449 0.0022 I 
2456874.69332 1.1538 0.0022 I 
2456874.69346 1.1482 0.0023 I 
2456874.69360 1.1523 0.0022 I 
2456874.69373 1.1491 0.0021 I 
2456874.69387 1.1430 0.0021 I 
2456874.69401 1.1477 0.0021 I 
2456874.69415 1.1423 0.0021 I 
2456874.69429 1.1481 0.0021 I 
2456874.69443 1.1431 0.0021 I 
2456874.69457 1.1480 0.0021 I 
2456874.69471 1.1616 0.0021 I 
2456874.69485 1.1448 0.0022 I 
2456874.69498 1.1632 0.0022 I 
2456874.69512 1.1638 0.0021 I 
2456874.69526 1.1486 0.0022 I 
2456874.69540 1.1614 0.0021 I 
2456874.69554 1.1519 0.0021 I 
2456874.69568 1.1513 0.0021 I 
2456874.69581 1.1547 0.0022 I 
2456874.69595 1.1440 0.0021 I 
2456874.69609 1.1355 0.0021 I 
2456874.69623 1.1409 0.0021 I 
2456874.69637 1.1511 0.0021 I 
2456874.69651 1.1557 0.0021 I 
2456874.69664 1.1435 0.0021 I 
2456874.69679 1.1512 0.0021 I 
2456874.69692 1.1532 0.0021 I 
2456874.69706 1.1387 0.0021 I 
2456874.69720 1.1479 0.0021 I 
2456874.69734 1.1512 0.0022 I 
2456874.69748 1.1565 0.0021 I 
2456874.69762 1.1494 0.0022 I 
2456874.69776 1.1609 0.0022 I 
2456874.69789 1.1362 0.0023 I 
2456874.69803 1.1533 0.0022 I 
2456874.69817 1.1431 0.0021 I 
2456874.69831 1.1495 0.0021 I 
2456874.69845 1.1431 0.0021 I 
2456874.69859 1.1479 0.0022 I 
2456874.69873 1.1539 0.0022 I 
2456874.69886 1.1413 0.0021 I 
2456874.69900 1.1423 0.0021 I 
2456874.69914 1.1532 0.0022 I 
2456874.69928 1.1593 0.0022 I 
2456874.69942 1.1504 0.0022 I 
2456874.69956 1.1524 0.0022 I 
2456874.69970 1.1532 0.0022 I 
2456874.69984 1.1496 0.0023 I 
2456874.69997 1.1456 0.0022 I 
2456874.70011 1.1554 0.0023 I 
2456874.70025 1.1362 0.0022 I 
2456874.70039 1.1471 0.0022 I 
2456874.70053 1.1632 0.0022 I 
2456874.70067 1.1445 0.0021 I 
2456874.70080 1.1457 0.0021 I 
2456874.70094 1.1415 0.0021 I 
2456874.70108 1.1515 0.0021 I 
2456874.70122 1.1415 0.0021 I 
2456874.70136 1.1472 0.0022 I 
2456874.70150 1.1458 0.0021 I 
2456874.70164 1.1515 0.0021 I 
2456874.70178 1.1497 0.0021 I 
2456874.70192 1.1555 0.0021 I 
2456874.70205 1.1493 0.0021 I 
2456874.70219 1.1558 0.0022 I 
2456874.70233 1.1528 0.0021 I 
2456874.70247 1.1602 0.0021 I 
2456874.70261 1.1503 0.0022 I 
2456874.70275 1.1653 0.0021 I 
2456874.70288 1.1509 0.0022 I 
2456874.70302 1.1408 0.0022 I 
2456874.70316 1.1598 0.0022 I 
2456874.70330 1.1544 0.0022 I 
2456874.70344 1.1503 0.0022 I 
2456874.70358 1.1463 0.0021 I 
2456874.70371 1.1369 0.0022 I 
2456874.70385 1.1474 0.0022 I 
2456874.70399 1.1551 0.0021 I 
2456874.70413 1.1457 0.0022 I 
2456874.70427 1.1618 0.0022 I 
2456874.70441 1.1584 0.0021 I 
2456874.70455 1.1506 0.0021 I 
2456874.70469 1.1550 0.0021 I 
2456874.70482 1.1495 0.0022 I 
2456874.70496 1.1479 0.0023 I 
2456874.70510 1.1538 0.0024 I 
2456874.70524 1.1664 0.0023 I 
2456874.70538 1.1472 0.0022 I 
2456874.70552 1.1423 0.0021 I 
2456874.70566 1.1465 0.0022 I 
2456874.70579 1.1440 0.0022 I 
2456874.70593 1.1476 0.0023 I 
2456874.70607 1.1480 0.0022 I 
2456874.70621 1.1622 0.0023 I 
2456874.70635 1.1602 0.0022 I 
2456874.70649 1.1495 0.0022 I 
2456874.70664 1.1560 0.0023 I 
2456874.70677 1.1430 0.0022 I 
2456874.70691 1.1492 0.0021 I 
2456874.70705 1.1395 0.0022 I 
2456874.70719 1.1497 0.0022 I 
2456874.70733 1.1570 0.0022 I 
2456874.70747 1.1558 0.0023 I 
2456874.70761 1.1540 0.0023 I 
2456874.70775 1.1520 0.0023 I 
2456874.70788 1.1510 0.0022 I 
2456874.70802 1.1460 0.0022 I 
2456874.70816 1.1556 0.0023 I 
2456874.70830 1.1505 0.0023 I 
2456874.70844 1.1519 0.0023 I 
2456874.70858 1.1388 0.0023 I 
2456874.70871 1.1592 0.0027 I 
2456874.70885 1.1498 0.0023 I 
2456874.70899 1.1455 0.0022 I 
2456874.70913 1.1423 0.0023 I 
2456874.70927 1.1525 0.0022 I 
2456874.70941 1.1377 0.0022 I 
2456874.70955 1.1466 0.0022 I 
2456874.70968 1.1563 0.0023 I 
2456874.70982 1.1548 0.0023 I 
2456874.70996 1.1556 0.0024 I 
2456874.71010 1.1575 0.0024 I 
2456874.71024 1.1421 0.0024 I 
2456874.71038 1.1420 0.0023 I 
2456874.71051 1.1492 0.0022 I 
2456874.71065 1.1557 0.0022 I 
2456874.71079 1.1448 0.0022 I 
2456874.71093 1.1502 0.0022 I 
2456874.71107 1.1586 0.0022 I 
2456874.71121 1.1447 0.0022 I 
2456874.71134 1.1438 0.0022 I 
2456874.71148 1.1434 0.0022 I 
2456874.71162 1.1304 0.0022 I 
2456874.71176 1.1483 0.0022 I 
2456874.71190 1.1420 0.0022 I 
2456874.71204 1.1480 0.0022 I 
2456874.71218 1.1601 0.0023 I 
2456874.71232 1.1611 0.0022 I 
2456874.71245 1.1511 0.0022 I 
2456874.71259 1.1345 0.0022 I 
2456874.71273 1.1384 0.0021 I 
2456874.71287 1.1494 0.0022 I 
2456874.71301 1.1412 0.0022 I 
2456874.71315 1.1516 0.0022 I 
2456874.71328 1.1480 0.0023 I 
2456874.71342 1.1447 0.0024 I 
2456874.71355 1.1544 0.0023 I 
2456874.71369 1.1504 0.0022 I 
2456874.71383 1.1534 0.0022 I 
2456874.71397 1.1436 0.0022 I 
2456874.71410 1.1527 0.0022 I 
2456874.71424 1.1309 0.0022 I 
2456874.71438 1.1478 0.0022 I 
2456874.71452 1.1457 0.0022 I 
2456874.71466 1.1444 0.0023 I 
2456874.71479 1.1450 0.0023 I 
2456874.71493 1.1476 0.0022 I 
2456874.71507 1.1464 0.0022 I 
2456874.71521 1.1468 0.0022 I 
2456874.71535 1.1431 0.0022 I 
2456874.71549 1.1364 0.0022 I 
2456874.71563 1.1302 0.0021 I 
2456874.71577 1.1371 0.0021 I 
2456874.71590 1.1360 0.0021 I 
2456874.71604 1.1492 0.0021 I 
2456874.71618 1.1488 0.0021 I 
2456874.71632 1.1370 0.0022 I 
2456874.71646 1.1410 0.0021 I 
2456874.71660 1.1563 0.0022 I 
2456874.71673 1.1242 0.0021 I 
2456874.71687 1.1424 0.0022 I 
2456874.71701 1.1381 0.0021 I 
2456874.71715 1.1476 0.0022 I 
2456874.71729 1.1398 0.0021 I 
2456874.71743 1.1405 0.0021 I 
2456874.71756 1.1487 0.0021 I 
2456874.71770 1.1330 0.0021 I 
2456874.71784 1.1477 0.0022 I 
2456874.71798 1.1539 0.0022 I 
2456874.71812 1.1429 0.0023 I 
2456874.71826 1.1441 0.0022 I 
2456874.71840 1.1535 0.0023 I 
2456874.71853 1.1501 0.0023 I 
2456874.71867 1.1497 0.0022 I 
2456874.71881 1.1557 0.0023 I 
2456874.71895 1.1585 0.0023 I 
2456874.71909 1.1434 0.0022 I 
2456874.71923 1.1547 0.0022 I 
2456874.71936 1.1478 0.0022 I 
2456874.71950 1.1393 0.0022 I 
2456874.71964 1.1449 0.0022 I 
2456874.71978 1.1553 0.0023 I 
2456874.71992 1.1488 0.0022 I 
2456874.72006 1.1514 0.0023 I 
2456874.72020 1.1497 0.0023 I 
2456874.72033 1.1582 0.0022 I 
2456874.72047 1.1443 0.0023 I 
2456874.72061 1.1635 0.0023 I 
2456874.72075 1.1470 0.0022 I 
2456874.72089 1.1202 0.0022 I 
2456874.72103 1.1552 0.0022 I 
2456874.72117 1.1512 0.0023 I 
2456874.72131 1.1662 0.0023 I 
2456874.72144 1.1460 0.0023 I 
2456874.72158 1.1420 0.0023 I 
2456874.72172 1.1505 0.0022 I 
2456874.72186 1.1455 0.0022 I 
2456874.72200 1.1637 0.0024 I 
2456874.72214 1.1330 0.0024 I 
2456874.72227 1.1432 0.0023 I 
2456874.72241 1.1630 0.0024 I 
2456874.72255 1.1544 0.0023 I 
2456874.72269 1.1710 0.0026 I 
2456874.72283 1.1626 0.0022 I 
2456874.72297 1.1309 0.0023 I 
2456874.72310 1.1321 0.0023 I 
2456874.72324 1.1383 0.0023 I 
2456874.72338 1.1578 0.0024 I 
2456874.72352 1.1524 0.0024 I 
2456874.72366 1.1683 0.0023 I 
2456874.72380 1.1279 0.0023 I 
2456874.72393 1.1462 0.0023 I 
2456874.72407 1.1383 0.0024 I 
2456874.72421 1.1456 0.0022 I 
2456874.72435 1.1433 0.0022 I 
2456874.72449 1.1398 0.0022 I 
2456874.72463 1.1282 0.0022 I 
2456874.72477 1.1196 0.0022 I 
2456874.72490 1.1450 0.0022 I 
2456874.72505 1.1149 0.0022 I 
2456874.72518 1.1591 0.0022 I 
2456874.72532 1.1565 0.0023 I 
2456874.72546 1.1501 0.0023 I 
2456874.72560 1.1449 0.0023 I 
2456874.72574 1.1097 0.0023 I 
2456874.72587 1.1292 0.0022 I 
2456874.72602 1.1285 0.0022 I 
2456874.72615 1.1260 0.0022 I 
2456874.72629 1.1333 0.0022 I 
2456874.72643 1.1479 0.0023 I 
2456874.72656 1.1368 0.0023 I 
2456874.72670 1.1331 0.0023 I 
2456874.72684 1.1622 0.0024 I 
2456874.72698 1.1656 0.0024 I 
2456874.72712 1.1556 0.0023 I 
2456874.72726 1.1396 0.0023 I 
2456874.72741 1.1620 0.0022 I 
2456874.72755 1.1424 0.0022 I 
2456874.72768 1.1543 0.0023 I 
2456874.72782 1.1446 0.0023 I 
2456874.72796 1.1393 0.0024 I 
2456874.72810 1.1664 0.0024 I 
2456874.72824 1.1174 0.0022 I 
2456874.72837 1.1532 0.0023 I 
2456874.72851 1.1132 0.0023 I 
2456874.72865 1.1509 0.0023 I 
2456874.72879 1.1307 0.0023 I 
2456874.72893 1.1428 0.0023 I 
2456874.72907 1.1211 0.0023 I 
2456874.72920 1.1433 0.0023 I 
2456874.72934 1.1216 0.0023 I 
2456874.72948 1.1301 0.0023 I 
2456874.72962 1.1263 0.0023 I 
2456874.72976 1.1289 0.0023 I 
2456874.72990 1.1318 0.0023 I 
2456874.73004 1.1165 0.0022 I 
2456874.73017 1.1188 0.0023 I 
2456874.73031 1.1474 0.0024 I 
2456874.73045 1.1281 0.0023 I 
2456874.73059 1.1265 0.0022 I 
2456874.73073 1.1290 0.0023 I 
2456874.73087 1.1503 0.0024 I 
2456874.73101 1.1229 0.0024 I 
2456874.73114 1.0988 0.0023 I 
2456874.73128 1.1282 0.0023 I 
2456874.73142 1.1142 0.0023 I 
2456874.73156 1.1198 0.0022 I 
2456874.73170 1.1298 0.0023 I 
2456874.73184 1.1287 0.0023 I 
2456874.73197 1.1192 0.0023 I 
2456874.73211 1.1169 0.0022 I 
2456874.73225 1.1104 0.0022 I 
2456874.73239 1.1379 0.0024 I 
2456874.73253 1.1178 0.0023 I 
2456874.73267 1.1144 0.0023 I 
2456874.73281 1.1248 0.0023 I 
2456874.73295 1.1343 0.0024 I 
2456874.73309 1.1450 0.0024 I 
2456874.73322 1.1161 0.0025 I 
2456874.73336 1.1179 0.0024 I 
2456874.73350 1.1323 0.0024 I 
2456874.73364 1.1075 0.0025 I 
2456874.73378 1.1233 0.0023 I 
2456874.73392 1.1216 0.0023 I 
2456874.73406 1.1347 0.0023 I 
2456874.73419 1.1256 0.0023 I 
2456874.73431 1.1125 0.0023 I 
2456874.73446 1.1229 0.0023 I 
2456874.73460 1.1178 0.0023 I 
2456874.73473 1.1311 0.0022 I 
2456874.73487 1.1345 0.0023 I 
2456874.73501 1.1194 0.0023 I 
2456874.73515 1.1182 0.0023 I 
2456874.73529 1.1203 0.0023 I 
2456874.73543 1.1055 0.0022 I 
2456874.73557 1.1034 0.0022 I 
2456874.73570 1.1069 0.0022 I 
2456874.73584 1.1261 0.0022 I 
2456874.73598 1.1230 0.0022 I 
2456874.73612 1.1204 0.0022 I 
2456874.73626 1.1019 0.0022 I 
2456874.73640 1.1251 0.0022 I 
2456874.73654 1.1020 0.0023 I 
2456874.73667 1.1239 0.0023 I 
2456874.73681 1.1097 0.0023 I 
2456874.73695 1.1078 0.0023 I 
2456874.73709 1.1174 0.0023 I 
2456874.73723 1.1182 0.0023 I 
2456874.73736 1.1136 0.0023 I 
2456874.73751 1.1317 0.0023 I 
2456874.73764 1.1222 0.0023 I 
2456874.73778 1.0996 0.0023 I 
2456874.73792 1.1157 0.0022 I 
2456874.73806 1.1517 0.0023 I 
2456874.73820 1.1070 0.0023 I 
2456874.73834 1.1261 0.0022 I 
2456874.73847 1.1284 0.0023 I 
2456874.73861 1.1236 0.0023 I 
2456874.73875 1.1062 0.0023 I 
2456874.73889 1.1138 0.0024 I 
2456874.73903 1.1343 0.0026 I 
2456874.73917 1.1160 0.0025 I 
2456874.73931 1.1220 0.0024 I 
2456874.73945 1.1477 0.0024 I 
2456874.73958 1.1112 0.0024 I 
2456874.73972 1.1217 0.0024 I 
2456874.73986 1.1266 0.0024 I 
2456874.74000 1.1145 0.0024 I 
2456874.74014 1.1271 0.0024 I 
2456874.74027 1.1243 0.0024 I 
2456874.74042 1.1378 0.0023 I 
2456874.74055 1.1143 0.0023 I 
2456874.74069 1.1242 0.0023 I 
2456874.74083 1.1096 0.0023 I 
2456874.74097 1.0969 0.0023 I 
2456874.74111 1.0999 0.0023 I 
2456874.74125 1.1227 0.0023 I 
2456874.74138 1.1085 0.0023 I 
2456874.74152 1.1208 0.0023 I 
2456874.74166 1.1145 0.0023 I 
2456874.74180 1.1132 0.0022 I 
2456874.74194 1.1190 0.0022 I 
2456874.74208 1.1267 0.0023 I 
2456874.74222 1.1084 0.0023 I 
2456874.74235 1.1134 0.0023 I 
2456874.74249 1.1394 0.0023 I 
2456874.74263 1.1130 0.0023 I 
2456874.74277 1.1320 0.0023 I 
2456874.74291 1.1357 0.0023 I 
2456874.74305 1.1344 0.0023 I 
2456874.74318 1.1057 0.0023 I 
2456874.74332 1.1476 0.0023 I 
2456874.74346 1.1142 0.0023 I 
2456874.74360 1.1152 0.0023 I 
2456874.74374 1.1156 0.0023 I 
