2458116.23263889 -0.00153 0.001
2458116.23350694 0.000245 0.001
2458116.23430556 -0.000208 0.001
2458116.23520833 0.000476 0.001
2458116.23600694 -0.0009 0.001
2458116.23690972 0.000816 0.001
2458116.23770833 0.002104 0.001
2458116.23862269 -0.002329 0.001
2458116.2394213 0.002355 0.001
2458116.24032407 -0.003574 0.001
2458116.24112269 0.003258 0.001
2458116.24204861 -0.001478 0.001
2458116.24284722 -0.000984 0.001
2458116.24377315 -0.000357 0.001
2458116.24457176 -0.002297 0.001
2458116.24549769 -0.000108 0.001
2458116.2462963 -3.3E-05 0.001
2458116.24721065 -0.001477 0.001
2458116.24800926 0.002352 0.001
2458116.24891204 0.001673 0.001
2458116.24971065 0.004946 0.001
2458116.250625 0.007033 0.001
2458116.25142361 0.010177 0.001
2458116.25233796 0.006706 0.001
2458116.25313657 0.00705 0.001
2458116.25405093 0.010029 0.001
2458116.25484954 0.00921 0.001
2458116.25582176 0.014824 0.001
2458116.25662037 0.012153 0.001
2458116.25753472 0.017675 0.001
2458116.25833333 0.0182 0.001
2458116.25924769 0.016709 0.001
2458116.2600463 0.016085 0.001
2458116.26099537 0.023009 0.001
2458116.26179398 0.021475 0.001
2458116.2640625 0.024075 0.001
2458116.26497685 0.025224 0.001
2458116.26577546 0.018315 0.001
2458116.26668981 0.021977 0.001
2458116.26748843 0.024897 0.001
2458116.26842593 0.023885 0.001
2458116.26922454 0.027086 0.001
2458116.27013889 0.024525 0.001
2458116.2709375 0.019873 0.001
2458116.27267361 0.025285 0.001
2458116.27361111 0.02516 0.001
2458116.27440972 0.0275 0.001
2458116.27534722 0.025822 0.001
2458116.27614583 0.021182 0.001
2458116.27706019 0.028028 0.001
2458116.2778588 0.022194 0.001
2458116.27877315 0.024651 0.001
2458116.27957176 0.0266 0.001
2458116.28049769 0.027968 0.001
2458116.2812963 0.028741 0.001
2458116.28219907 0.026408 0.001
2458116.28299769 0.023966 0.001
2458116.28391204 0.024429 0.001
2458116.28471065 0.028168 0.001
2458116.285625 0.022289 0.001
2458116.28642361 0.025608 0.001
2458116.28737269 0.025618 0.001
2458116.2881713 0.025896 0.001
2458116.28909722 0.028383 0.001
2458116.28989583 0.027759 0.001
2458116.29146991 0.026728 0.001
2458116.29303241 0.031766 0.001
2458116.29460648 0.022414 0.001
2458116.29616898 0.026981 0.001
2458116.29719907 0.028439 0.001
2458116.29988426 0.026842 0.001
2458116.30076389 0.029142 0.001
2458116.30181713 0.026945 0.001
2458116.30269676 0.028027 0.001
2458116.30356481 0.027452 0.001
2458116.30436343 0.028476 0.001
2458116.30527778 0.025911 0.001
2458116.30607639 0.029594 0.001
2458116.30699074 0.026228 0.001
2458116.30778935 0.025352 0.001
2458116.3087037 0.030471 0.001
2458116.30950231 0.027405 0.001
2458116.31041667 0.030863 0.001
2458116.31121528 0.031511 0.001
2458116.31212963 0.028858 0.001
2458116.31292824 0.028402 0.001
2458116.31383102 0.02754 0.001
2458116.31462963 0.0263 0.001
2458116.31555556 0.028263 0.001
2458116.31635417 0.02791 0.001
2458116.31726852 0.025452 0.001
2458116.31806713 0.022794 0.001
2458116.31898148 0.031601 0.001
2458116.31978009 0.024427 0.001
2458116.32069444 0.026682 0.001
2458116.32149306 0.02739 0.001
2458116.32239583 0.030786 0.001
2458116.32319444 0.024936 0.001
2458116.32412037 0.028784 0.001
2458116.32491898 0.028702 0.001
2458116.32583333 0.025066 0.001
2458116.32663194 0.02882 0.001
2458116.3275463 0.024287 0.001
2458116.32834491 0.025827 0.001
2458116.32925926 0.029569 0.001
2458116.33005787 0.027169 0.001
2458116.33097222 0.024748 0.001
2458116.33177083 0.026997 0.001
2458116.33268519 0.028861 0.001
2458116.3334838 0.023457 0.001
2458116.3344213 0.024966 0.001
2458116.33521991 0.025396 0.001
2458116.33612269 0.029869 0.001
2458116.3369213 0.026951 0.001
2458116.33784722 0.027802 0.001
2458116.33864583 0.024037 0.001
2458116.33956019 0.026625 0.001
2458116.3403588 0.026991 0.001
2458116.3412963 0.025969 0.001
2458116.34209491 0.020319 0.001
2458116.34299769 0.023078 0.001
2458116.3437963 0.02456 0.001
2458116.3447338 0.024924 0.001
2458116.34553241 0.020128 0.001
2458116.34646991 0.025847 0.001
2458116.34726852 0.025477 0.001
2458116.34818287 0.022112 0.001
2458116.34898148 0.018831 0.001
2458116.34991898 0.025287 0.001
2458116.35071759 0.022805 0.001
2458116.35163194 0.020583 0.001
2458116.35243056 0.019238 0.001
2458116.35334491 0.016756 0.001
2458116.35414352 0.026739 0.001
2458116.35505787 0.022741 0.001
2458116.35585648 0.025566 0.001
2458116.35680556 0.022025 0.001
2458116.35760417 0.017702 0.001
2458116.35854167 0.015651 0.001
2458116.35934028 0.012103 0.001
2458116.3602662 0.014571 0.001
2458116.36106482 0.012006 0.001
2458116.36196759 0.008856 0.001
2458116.3627662 0.011081 0.001
2458116.36604167 0.006387 0.001
2458116.36690972 0.003238 0.001
2458116.36770833 0.003966 0.001
2458116.36861111 0.005765 0.001
2458116.36940972 0.004839 0.001
2458116.37032407 0.001519 0.001
2458116.37112269 0.004136 0.001
2458116.37202546 -0.001171 0.001
2458116.37282407 0.003523 0.001
2458116.37372685 -4.3E-05 0.001
2458116.37452546 -0.004149 0.001
2458116.37543981 -0.001719 0.001
2458116.37623843 -6.4E-05 0.001
2458116.37715278 0.00285 0.001
2458116.37795139 0.001984 0.001
2458116.37893519 -0.00099 0.001
2458116.3797338 -0.002131 0.001
2458116.38071759 -0.004527 0.001
2458116.3815162 -0.003554 0.001
2458116.38241898 -0.004928 0.001
2458116.38321759 0.001975 0.001
2458116.38412037 -0.002192 0.001
2458116.38491898 -3.2E-05 0.001
2458116.38582176 -0.002056 0.001
2458116.38662037 -0.00386 0.001
2458116.38752315 -0.000556 0.001
2458116.38832176 -0.002263 0.001
2458116.38920139 -0.001344 0.001
2458116.39 0.000328 0.001
2458116.39092593 0.000231 0.001
2458116.39172454 0.000675 0.001
2458116.39262731 0.002802 0.001
2458116.39342593 0.001147 0.001
2458116.39435185 -0.002936 0.001
2458116.39515046 0.000381 0.001
